  1  1  1  1
  1.0  1.0  1.0  1.0  0.0
  0.0
  CAR
Synthetic repeated MoS2 benchmark
  18  232  12

  0.00000000  0.00000000  0.00000000  0.004310344828
  1  -7.8000000000  2.000000
  2  -7.3000000000  2.000000
  3  -6.8000000000  2.000000
  4  -6.3000000000  2.000000
  5  -5.8000000000  2.000000
  6  -5.3000000000  2.000000
  7  -4.8000000000  2.000000
  8  -4.3000000000  2.000000
  9  -1.0111111111  2.000000
  10  1.0111111111  0.000000
  11  3.0000000000  0.000000
  12  3.6000000000  0.000000

  0.02631579  0.00000000  0.00000000  0.004310344828
  1  -7.8006831014  2.000000
  2  -7.3006831014  2.000000
  3  -6.8006831014  2.000000
  4  -6.3006831014  2.000000
  5  -5.8006831014  2.000000
  6  -5.3006831014  2.000000
  7  -4.8006831014  2.000000
  8  -4.3006831014  2.000000
  9  -1.0026854417  2.000000
  10  1.0026854417  0.000000
  11  3.0165158691  0.000000
  12  3.6165158691  0.000000

  0.05263158  0.00000000  0.00000000  0.004310344828
  1  -7.8027277393  2.000000
  2  -7.3027277393  2.000000
  3  -6.8027277393  2.000000
  4  -6.3027277393  2.000000
  5  -5.8027277393  2.000000
  6  -5.3027277393  2.000000
  7  -4.8027277393  2.000000
  8  -4.3027277393  2.000000
  9  -0.9949522930  2.000000
  10  0.9949522930  0.000000
  11  3.0329189181  0.000000
  12  3.6329189181  0.000000

  0.07894737  0.00000000  0.00000000  0.004310344828
  1  -7.8061199468  2.000000
  2  -7.3061199468  2.000000
  3  -6.8061199468  2.000000
  4  -6.3061199468  2.000000
  5  -5.8061199468  2.000000
  6  -5.3061199468  2.000000
  7  -4.8061199468  2.000000
  8  -4.3061199468  2.000000
  9  -0.9879116651  2.000000
  10  0.9879116651  0.000000
  11  3.0490970974  0.000000
  12  3.6490970974  0.000000

  0.10526316  0.00000000  0.00000000  0.004310344828
  1  -7.8108365517  2.000000
  2  -7.3108365517  2.000000
  3  -6.8108365517  2.000000
  4  -6.3108365517  2.000000
  5  -5.8108365517  2.000000
  6  -5.3108365517  2.000000
  7  -4.8108365517  2.000000
  8  -4.3108365517  2.000000
  9  -0.9815635580  2.000000
  10  0.9815635580  0.000000
  11  3.0649398938  0.000000
  12  3.6649398938  0.000000

  0.13157895  0.00000000  0.00000000  0.004310344828
  1  -7.8168453347  2.000000
  2  -7.3168453347  2.000000
  3  -6.8168453347  2.000000
  4  -6.3168453347  2.000000
  5  -5.8168453347  2.000000
  6  -5.3168453347  2.000000
  7  -4.8168453347  2.000000
  8  -4.3168453347  2.000000
  9  -0.9759079717  2.000000
  10  0.9759079717  0.000000
  11  3.0803390849  0.000000
  12  3.6803390849  0.000000

  0.15789474  0.00000000  0.00000000  0.004310344828
  1  -7.8241052498  2.000000
  2  -7.3241052498  2.000000
  3  -6.8241052498  2.000000
  4  -6.3241052498  2.000000
  5  -5.8241052498  2.000000
  6  -5.3241052498  2.000000
  7  -4.8241052498  2.000000
  8  -4.3241052498  2.000000
  9  -0.9709449061  2.000000
  10  0.9709449061  0.000000
  11  3.0951894786  0.000000
  12  3.6951894786  0.000000

  0.18421053  0.00000000  0.00000000  0.004310344828
  1  -7.8325667043  2.000000
  2  -7.3325667043  2.000000
  3  -6.8325667043  2.000000
  4  -6.3325667043  2.000000
  5  -5.8325667043  2.000000
  6  -5.3325667043  2.000000
  7  -4.8325667043  2.000000
  8  -4.3325667043  2.000000
  9  -0.9666743613  2.000000
  10  0.9666743613  0.000000
  11  3.1093896316  0.000000
  12  3.7093896316  0.000000

  0.21052632  0.00000000  0.00000000  0.004310344828
  1  -7.8421718981  2.000000
  2  -7.3421718981  2.000000
  3  -6.8421718981  2.000000
  4  -6.3421718981  2.000000
  5  -5.8421718981  2.000000
  6  -5.3421718981  2.000000
  7  -4.8421718981  2.000000
  8  -4.3421718981  2.000000
  9  -0.9630963373  2.000000
  10  0.9630963373  0.000000
  11  3.1228425425  0.000000
  12  3.7228425425  0.000000

  0.23684211  0.00000000  0.00000000  0.004310344828
  1  -7.8528552179  2.000000
  2  -7.3528552179  2.000000
  3  -6.8528552179  2.000000
  4  -6.3528552179  2.000000
  5  -5.8528552179  2.000000
  6  -5.3528552179  2.000000
  7  -4.8528552179  2.000000
  8  -4.3528552179  2.000000
  9  -0.9602108341  2.000000
  10  0.9602108341  0.000000
  11  3.1354563143  0.000000
  12  3.7354563143  0.000000

  0.26315789  0.00000000  0.00000000  0.004310344828
  1  -7.8645436857  2.000000
  2  -7.3645436857  2.000000
  3  -6.8645436857  2.000000
  4  -6.3645436857  2.000000
  5  -5.8645436857  2.000000
  6  -5.3645436857  2.000000
  7  -4.8645436857  2.000000
  8  -4.3645436857  2.000000
  9  -0.9580178516  2.000000
  10  0.9580178516  0.000000
  11  3.1471447821  0.000000
  12  3.7471447821  0.000000

  0.28947368  0.00000000  0.00000000  0.004310344828
  1  -7.8771574575  2.000000
  2  -7.3771574575  2.000000
  3  -6.8771574575  2.000000
  4  -6.3771574575  2.000000
  5  -5.8771574575  2.000000
  6  -5.3771574575  2.000000
  7  -4.8771574575  2.000000
  8  -4.3771574575  2.000000
  9  -0.9565173900  2.000000
  10  0.9565173900  0.000000
  11  3.1578281019  0.000000
  12  3.7578281019  0.000000

  0.31578947  0.00000000  0.00000000  0.004310344828
  1  -7.8906103684  2.000000
  2  -7.3906103684  2.000000
  3  -6.8906103684  2.000000
  4  -6.3906103684  2.000000
  5  -5.8906103684  2.000000
  6  -5.3906103684  2.000000
  7  -4.8906103684  2.000000
  8  -4.3906103684  2.000000
  9  -0.9557094491  2.000000
  10  0.9557094491  0.000000
  11  3.1674332957  0.000000
  12  3.7674332957  0.000000

  0.34210526  0.00000000  0.00000000  0.004310344828
  1  -7.9048105214  2.000000
  2  -7.4048105214  2.000000
  3  -6.9048105214  2.000000
  4  -6.4048105214  2.000000
  5  -5.9048105214  2.000000
  6  -5.4048105214  2.000000
  7  -4.9048105214  2.000000
  8  -4.4048105214  2.000000
  9  -0.9555940289  2.000000
  10  0.9555940289  0.000000
  11  3.1758947502  0.000000
  12  3.7758947502  0.000000

  0.36842105  0.00000000  0.00000000  0.004310344828
  1  -7.9196609151  2.000000
  2  -7.4196609151  2.000000
  3  -6.9196609151  2.000000
  4  -6.4196609151  2.000000
  5  -5.9196609151  2.000000
  6  -5.4196609151  2.000000
  7  -4.9196609151  2.000000
  8  -4.4196609151  2.000000
  9  -0.9561711296  2.000000
  10  0.9561711296  0.000000
  11  3.1831546653  0.000000
  12  3.7831546653  0.000000

  0.39473684  0.00000000  0.00000000  0.004310344828
  1  -7.9350601062  2.000000
  2  -7.4350601062  2.000000
  3  -6.9350601062  2.000000
  4  -6.4350601062  2.000000
  5  -5.9350601062  2.000000
  6  -5.4350601062  2.000000
  7  -4.9350601062  2.000000
  8  -4.4350601062  2.000000
  9  -0.9574407510  2.000000
  10  0.9574407510  0.000000
  11  3.1891634483  0.000000
  12  3.7891634483  0.000000

  0.42105263  0.00000000  0.00000000  0.004310344828
  1  -7.9509029026  2.000000
  2  -7.4509029026  2.000000
  3  -6.9509029026  2.000000
  4  -6.4509029026  2.000000
  5  -5.9509029026  2.000000
  6  -5.4509029026  2.000000
  7  -4.9509029026  2.000000
  8  -4.4509029026  2.000000
  9  -0.9594028932  2.000000
  10  0.9594028932  0.000000
  11  3.1938800532  0.000000
  12  3.7938800532  0.000000

  0.44736842  0.00000000  0.00000000  0.004310344828
  1  -7.9670810819  2.000000
  2  -7.4670810819  2.000000
  3  -6.9670810819  2.000000
  4  -6.4670810819  2.000000
  5  -5.9670810819  2.000000
  6  -5.4670810819  2.000000
  7  -4.9670810819  2.000000
  8  -4.4670810819  2.000000
  9  -0.9620575562  2.000000
  10  0.9620575562  0.000000
  11  3.1972722607  0.000000
  12  3.7972722607  0.000000

  0.47368421  0.00000000  0.00000000  0.004310344828
  1  -7.9834841309  2.000000
  2  -7.4834841309  2.000000
  3  -6.9834841309  2.000000
  4  -6.4834841309  2.000000
  5  -5.9834841309  2.000000
  6  -5.4834841309  2.000000
  7  -4.9834841309  2.000000
  8  -4.4834841309  2.000000
  9  -0.9654047399  2.000000
  10  0.9654047399  0.000000
  11  3.1993168986  0.000000
  12  3.7993168986  0.000000

  0.50000000  0.00000000  0.00000000  0.004310344828
  1  -8.0000000000  2.000000
  2  -7.5000000000  2.000000
  3  -7.0000000000  2.000000
  4  -6.5000000000  2.000000
  5  -6.0000000000  2.000000
  6  -5.5000000000  2.000000
  7  -5.0000000000  2.000000
  8  -4.5000000000  2.000000
  9  -0.9694444444  2.000000
  10  0.9694444444  0.000000
  11  3.2000000000  0.000000
  12  3.8000000000  0.000000

  0.49122807  0.01754386  0.00000000  0.004310344828
  1  -7.9944891315  2.000000
  2  -7.4944891315  2.000000
  3  -6.9944891315  2.000000
  4  -6.4944891315  2.000000
  5  -5.9944891315  2.000000
  6  -5.4944891315  2.000000
  7  -4.9944891315  2.000000
  8  -4.4944891315  2.000000
  9  -0.9623268698  2.000000
  10  0.9623268698  0.000000
  11  3.1999240614  0.000000
  12  3.7999240614  0.000000

  0.48245614  0.03508772  0.00000000  0.004310344828
  1  -7.9889824479  2.000000
  2  -7.4889824479  2.000000
  3  -6.9889824479  2.000000
  4  -6.4889824479  2.000000
  5  -5.9889824479  2.000000
  6  -5.4889824479  2.000000
  7  -4.9889824479  2.000000
  8  -4.4889824479  2.000000
  9  -0.9555940289  2.000000
  10  0.9555940289  0.000000
  11  3.1996963033  0.000000
  12  3.7996963033  0.000000

  0.47368421  0.05263158  0.00000000  0.004310344828
  1  -7.9834841309  2.000000
  2  -7.4834841309  2.000000
  3  -6.9834841309  2.000000
  4  -6.4834841309  2.000000
  5  -5.9834841309  2.000000
  6  -5.4834841309  2.000000
  7  -4.9834841309  2.000000
  8  -4.4834841309  2.000000
  9  -0.9492459218  2.000000
  10  0.9492459218  0.000000
  11  3.1993168986  0.000000
  12  3.7993168986  0.000000

  0.46491228  0.07017544  0.00000000  0.004310344828
  1  -7.9779983558  2.000000
  2  -7.4779983558  2.000000
  3  -6.9779983558  2.000000
  4  -6.4779983558  2.000000
  5  -5.9779983558  2.000000
  6  -5.4779983558  2.000000
  7  -4.9779983558  2.000000
  8  -4.4779983558  2.000000
  9  -0.9432825485  2.000000
  10  0.9432825485  0.000000
  11  3.1987861355  0.000000
  12  3.7987861355  0.000000

  0.45614035  0.08771930  0.00000000  0.004310344828
  1  -7.9725292884  2.000000
  2  -7.4725292884  2.000000
  3  -6.9725292884  2.000000
  4  -6.4725292884  2.000000
  5  -5.9725292884  2.000000
  6  -5.4725292884  2.000000
  7  -4.9725292884  2.000000
  8  -4.4725292884  2.000000
  9  -0.9377039089  2.000000
  10  0.9377039089  0.000000
  11  3.1981044169  0.000000
  12  3.7981044169  0.000000

  0.44736842  0.10526316  0.00000000  0.004310344828
  1  -7.9670810819  2.000000
  2  -7.4670810819  2.000000
  3  -6.9670810819  2.000000
  4  -6.4670810819  2.000000
  5  -5.9670810819  2.000000
  6  -5.4670810819  2.000000
  7  -4.9670810819  2.000000
  8  -4.4670810819  2.000000
  9  -0.9325100031  2.000000
  10  0.9325100031  0.000000
  11  3.1972722607  0.000000
  12  3.7972722607  0.000000

  0.43859649  0.12280702  0.00000000  0.004310344828
  1  -7.9616578736  2.000000
  2  -7.4616578736  2.000000
  3  -6.9616578736  2.000000
  4  -6.4616578736  2.000000
  5  -5.9616578736  2.000000
  6  -5.4616578736  2.000000
  7  -4.9616578736  2.000000
  8  -4.4616578736  2.000000
  9  -0.9277008310  2.000000
  10  0.9277008310  0.000000
  11  3.1962902987  0.000000
  12  3.7962902987  0.000000

  0.42982456  0.14035088  0.00000000  0.004310344828
  1  -7.9562637818  2.000000
  2  -7.4562637818  2.000000
  3  -6.9562637818  2.000000
  4  -6.4562637818  2.000000
  5  -5.9562637818  2.000000
  6  -5.4562637818  2.000000
  7  -4.9562637818  2.000000
  8  -4.4562637818  2.000000
  9  -0.9232763927  2.000000
  10  0.9232763927  0.000000
  11  3.1951592765  0.000000
  12  3.7951592765  0.000000

  0.42105263  0.15789474  0.00000000  0.004310344828
  1  -7.9509029026  2.000000
  2  -7.4509029026  2.000000
  3  -6.9509029026  2.000000
  4  -6.4509029026  2.000000
  5  -5.9509029026  2.000000
  6  -5.4509029026  2.000000
  7  -4.9509029026  2.000000
  8  -4.4509029026  2.000000
  9  -0.9192366882  2.000000
  10  0.9192366882  0.000000
  11  3.1938800532  0.000000
  12  3.7938800532  0.000000

  0.41228070  0.17543860  0.00000000  0.004310344828
  1  -7.9455793070  2.000000
  2  -7.4455793070  2.000000
  3  -6.9455793070  2.000000
  4  -6.4455793070  2.000000
  5  -5.9455793070  2.000000
  6  -5.4455793070  2.000000
  7  -4.9455793070  2.000000
  8  -4.4455793070  2.000000
  9  -0.9155817175  2.000000
  10  0.9155817175  0.000000
  11  3.1924536001  0.000000
  12  3.7924536001  0.000000

  0.40350877  0.19298246  0.00000000  0.004310344828
  1  -7.9402970378  2.000000
  2  -7.4402970378  2.000000
  3  -6.9402970378  2.000000
  4  -6.4402970378  2.000000
  5  -5.9402970378  2.000000
  6  -5.4402970378  2.000000
  7  -4.9402970378  2.000000
  8  -4.4402970378  2.000000
  9  -0.9123114805  2.000000
  10  0.9123114805  0.000000
  11  3.1908810004  0.000000
  12  3.7908810004  0.000000

  0.39473684  0.21052632  0.00000000  0.004310344828
  1  -7.9350601062  2.000000
  2  -7.4350601062  2.000000
  3  -6.9350601062  2.000000
  4  -6.4350601062  2.000000
  5  -5.9350601062  2.000000
  6  -5.4350601062  2.000000
  7  -4.9350601062  2.000000
  8  -4.4350601062  2.000000
  9  -0.9094259772  2.000000
  10  0.9094259772  0.000000
  11  3.1891634483  0.000000
  12  3.7891634483  0.000000

  0.38596491  0.22807018  0.00000000  0.004310344828
  1  -7.9298724890  2.000000
  2  -7.4298724890  2.000000
  3  -6.9298724890  2.000000
  4  -6.4298724890  2.000000
  5  -5.9298724890  2.000000
  6  -5.4298724890  2.000000
  7  -4.9298724890  2.000000
  8  -4.4298724890  2.000000
  9  -0.9069252078  2.000000
  10  0.9069252078  0.000000
  11  3.1873022482  0.000000
  12  3.7873022482  0.000000

  0.37719298  0.24561404  0.00000000  0.004310344828
  1  -7.9247381256  2.000000
  2  -7.4247381256  2.000000
  3  -6.9247381256  2.000000
  4  -6.4247381256  2.000000
  5  -5.9247381256  2.000000
  6  -5.4247381256  2.000000
  7  -4.9247381256  2.000000
  8  -4.4247381256  2.000000
  9  -0.9048091721  2.000000
  10  0.9048091721  0.000000
  11  3.1852988134  0.000000
  12  3.7852988134  0.000000

  0.36842105  0.26315789  0.00000000  0.004310344828
  1  -7.9196609151  2.000000
  2  -7.4196609151  2.000000
  3  -6.9196609151  2.000000
  4  -6.4196609151  2.000000
  5  -5.9196609151  2.000000
  6  -5.4196609151  2.000000
  7  -4.9196609151  2.000000
  8  -4.4196609151  2.000000
  9  -0.9030778701  2.000000
  10  0.9030778701  0.000000
  11  3.1831546653  0.000000
  12  3.7831546653  0.000000

  0.35964912  0.28070175  0.00000000  0.004310344828
  1  -7.9146447129  2.000000
  2  -7.4146447129  2.000000
  3  -6.9146447129  2.000000
  4  -6.4146447129  2.000000
  5  -5.9146447129  2.000000
  6  -5.4146447129  2.000000
  7  -4.9146447129  2.000000
  8  -4.4146447129  2.000000
  9  -0.9017313019  2.000000
  10  0.9017313019  0.000000
  11  3.1808714321  0.000000
  12  3.7808714321  0.000000

  0.35087719  0.29824561  0.00000000  0.004310344828
  1  -7.9096933283  2.000000
  2  -7.4096933283  2.000000
  3  -6.9096933283  2.000000
  4  -6.4096933283  2.000000
  5  -5.9096933283  2.000000
  6  -5.4096933283  2.000000
  7  -4.9096933283  2.000000
  8  -4.4096933283  2.000000
  9  -0.9007694675  2.000000
  10  0.9007694675  0.000000
  11  3.1784508477  0.000000
  12  3.7784508477  0.000000

  0.34210526  0.31578947  0.00000000  0.004310344828
  1  -7.9048105214  2.000000
  2  -7.4048105214  2.000000
  3  -6.9048105214  2.000000
  4  -6.4048105214  2.000000
  5  -5.9048105214  2.000000
  6  -5.4048105214  2.000000
  7  -4.9048105214  2.000000
  8  -4.4048105214  2.000000
  9  -0.9001923669  2.000000
  10  0.9001923669  0.000000
  11  3.1758947502  0.000000
  12  3.7758947502  0.000000

  0.33333333  0.33333333  0.00000000  0.004310344828
  1  -7.9000000000  2.000000
  2  -7.4000000000  2.000000
  3  -6.9000000000  2.000000
  4  -6.4000000000  2.000000
  5  -5.9000000000  2.000000
  6  -5.4000000000  2.000000
  7  -4.9000000000  2.000000
  8  -4.4000000000  2.000000
  9  -0.9000000000  2.000000
  10  0.9000000000  0.000000
  11  3.1732050808  0.000000
  12  3.7732050808  0.000000

  0.31578947  0.31578947  0.00000000  0.004310344828
  1  -7.8906103684  2.000000
  2  -7.3906103684  2.000000
  3  -6.8906103684  2.000000
  4  -6.3906103684  2.000000
  5  -5.8906103684  2.000000
  6  -5.3906103684  2.000000
  7  -4.8906103684  2.000000
  8  -4.3906103684  2.000000
  9  -0.9003077870  2.000000
  10  0.9003077870  0.000000
  11  3.1674332957  0.000000
  12  3.7674332957  0.000000

  0.29824561  0.29824561  0.00000000  0.004310344828
  1  -7.8815529495  2.000000
  2  -7.3815529495  2.000000
  3  -6.8815529495  2.000000
  4  -6.3815529495  2.000000
  5  -5.8815529495  2.000000
  6  -5.3815529495  2.000000
  7  -4.8815529495  2.000000
  8  -4.3815529495  2.000000
  9  -0.9012311480  2.000000
  10  0.9012311480  0.000000
  11  3.1611530211  0.000000
  12  3.7611530211  0.000000

  0.28070175  0.28070175  0.00000000  0.004310344828
  1  -7.8728552504  2.000000
  2  -7.3728552504  2.000000
  3  -6.8728552504  2.000000
  4  -6.3728552504  2.000000
  5  -5.8728552504  2.000000
  6  -5.3728552504  2.000000
  7  -4.8728552504  2.000000
  8  -4.3728552504  2.000000
  9  -0.9027700831  2.000000
  10  0.9027700831  0.000000
  11  3.1543833302  0.000000
  12  3.7543833302  0.000000

  0.26315789  0.26315789  0.00000000  0.004310344828
  1  -7.8645436857  2.000000
  2  -7.3645436857  2.000000
  3  -6.8645436857  2.000000
  4  -6.3645436857  2.000000
  5  -5.8645436857  2.000000
  6  -5.3645436857  2.000000
  7  -4.8645436857  2.000000
  8  -4.3645436857  2.000000
  9  -0.9049245922  2.000000
  10  0.9049245922  0.000000
  11  3.1471447821  0.000000
  12  3.7471447821  0.000000

  0.24561404  0.24561404  0.00000000  0.004310344828
  1  -7.8566434974  2.000000
  2  -7.3566434974  2.000000
  3  -6.8566434974  2.000000
  4  -6.3566434974  2.000000
  5  -5.8566434974  2.000000
  6  -5.3566434974  2.000000
  7  -4.8566434974  2.000000
  8  -4.3566434974  2.000000
  9  -0.9076946753  2.000000
  10  0.9076946753  0.000000
  11  3.1394593602  0.000000
  12  3.7394593602  0.000000

  0.22807018  0.22807018  0.00000000  0.004310344828
  1  -7.8491786780  2.000000
  2  -7.3491786780  2.000000
  3  -6.8491786780  2.000000
  4  -6.3491786780  2.000000
  5  -5.8491786780  2.000000
  6  -5.3491786780  2.000000
  7  -4.8491786780  2.000000
  8  -4.3491786780  2.000000
  9  -0.9110803324  2.000000
  10  0.9110803324  0.000000
  11  3.1313504048  0.000000
  12  3.7313504048  0.000000

  0.21052632  0.21052632  0.00000000  0.004310344828
  1  -7.8421718981  2.000000
  2  -7.3421718981  2.000000
  3  -6.8421718981  2.000000
  4  -6.3421718981  2.000000
  5  -5.8421718981  2.000000
  6  -5.3421718981  2.000000
  7  -4.8421718981  2.000000
  8  -4.3421718981  2.000000
  9  -0.9150815636  2.000000
  10  0.9150815636  0.000000
  11  3.1228425425  0.000000
  12  3.7228425425  0.000000

  0.19298246  0.19298246  0.00000000  0.004310344828
  1  -7.8356444370  2.000000
  2  -7.3356444370  2.000000
  3  -6.8356444370  2.000000
  4  -6.3356444370  2.000000
  5  -5.8356444370  2.000000
  6  -5.3356444370  2.000000
  7  -4.8356444370  2.000000
  8  -4.3356444370  2.000000
  9  -0.9196983687  2.000000
  10  0.9196983687  0.000000
  11  3.1139616115  0.000000
  12  3.7139616115  0.000000

  0.17543860  0.17543860  0.00000000  0.004310344828
  1  -7.8296161182  2.000000
  2  -7.3296161182  2.000000
  3  -6.8296161182  2.000000
  4  -6.3296161182  2.000000
  5  -5.8296161182  2.000000
  6  -5.3296161182  2.000000
  7  -4.8296161182  2.000000
  8  -4.3296161182  2.000000
  9  -0.9249307479  2.000000
  10  0.9249307479  0.000000
  11  3.1047345828  0.000000
  12  3.7047345828  0.000000

  0.15789474  0.15789474  0.00000000  0.004310344828
  1  -7.8241052498  2.000000
  2  -7.3241052498  2.000000
  3  -6.8241052498  2.000000
  4  -6.3241052498  2.000000
  5  -5.8241052498  2.000000
  6  -5.3241052498  2.000000
  7  -4.8241052498  2.000000
  8  -4.3241052498  2.000000
  9  -0.9307787011  2.000000
  10  0.9307787011  0.000000
  11  3.0951894786  0.000000
  12  3.6951894786  0.000000

  0.14035088  0.14035088  0.00000000  0.004310344828
  1  -7.8191285679  2.000000
  2  -7.3191285679  2.000000
  3  -6.8191285679  2.000000
  4  -6.3191285679  2.000000
  5  -5.8191285679  2.000000
  6  -5.3191285679  2.000000
  7  -4.8191285679  2.000000
  8  -4.3191285679  2.000000
  9  -0.9372422284  2.000000
  10  0.9372422284  0.000000
  11  3.0853552871  0.000000
  12  3.6853552871  0.000000

  0.12280702  0.12280702  0.00000000  0.004310344828
  1  -7.8147011866  2.000000
  2  -7.3147011866  2.000000
  3  -6.8147011866  2.000000
  4  -6.3147011866  2.000000
  5  -5.8147011866  2.000000
  6  -5.3147011866  2.000000
  7  -4.8147011866  2.000000
  8  -4.3147011866  2.000000
  9  -0.9443213296  2.000000
  10  0.9443213296  0.000000
  11  3.0752618744  0.000000
  12  3.6752618744  0.000000

  0.10526316  0.10526316  0.00000000  0.004310344828
  1  -7.8108365517  2.000000
  2  -7.3108365517  2.000000
  3  -6.8108365517  2.000000
  4  -6.3108365517  2.000000
  5  -5.8108365517  2.000000
  6  -5.3108365517  2.000000
  7  -4.8108365517  2.000000
  8  -4.3108365517  2.000000
  9  -0.9520160049  2.000000
  10  0.9520160049  0.000000
  11  3.0649398938  0.000000
  12  3.6649398938  0.000000

  0.08771930  0.08771930  0.00000000  0.004310344828
  1  -7.8075463999  2.000000
  2  -7.3075463999  2.000000
  3  -6.8075463999  2.000000
  4  -6.3075463999  2.000000
  5  -5.8075463999  2.000000
  6  -5.3075463999  2.000000
  7  -4.8075463999  2.000000
  8  -4.3075463999  2.000000
  9  -0.9603262542  2.000000
  10  0.9603262542  0.000000
  11  3.0544206930  0.000000
  12  3.6544206930  0.000000

  0.07017544  0.07017544  0.00000000  0.004310344828
  1  -7.8048407235  2.000000
  2  -7.3048407235  2.000000
  3  -6.8048407235  2.000000
  4  -6.3048407235  2.000000
  5  -5.8048407235  2.000000
  6  -5.3048407235  2.000000
  7  -4.8048407235  2.000000
  8  -4.3048407235  2.000000
  9  -0.9692520776  2.000000
  10  0.9692520776  0.000000
  11  3.0437362182  0.000000
  12  3.6437362182  0.000000

  0.05263158  0.05263158  0.00000000  0.004310344828
  1  -7.8027277393  2.000000
  2  -7.3027277393  2.000000
  3  -6.8027277393  2.000000
  4  -6.3027277393  2.000000
  5  -5.8027277393  2.000000
  6  -5.3027277393  2.000000
  7  -4.8027277393  2.000000
  8  -4.3027277393  2.000000
  9  -0.9787934749  2.000000
  10  0.9787934749  0.000000
  11  3.0329189181  0.000000
  12  3.6329189181  0.000000

  0.03508772  0.03508772  0.00000000  0.004310344828
  1  -7.8012138645  2.000000
  2  -7.3012138645  2.000000
  3  -6.8012138645  2.000000
  4  -6.3012138645  2.000000
  5  -5.8012138645  2.000000
  6  -5.3012138645  2.000000
  7  -4.8012138645  2.000000
  8  -4.3012138645  2.000000
  9  -0.9889504463  2.000000
  10  0.9889504463  0.000000
  11  3.0220016442  0.000000
  12  3.6220016442  0.000000

  0.01754386  0.01754386  0.00000000  0.004310344828
  1  -7.8003036967  2.000000
  2  -7.3003036967  2.000000
  3  -6.8003036967  2.000000
  4  -6.3003036967  2.000000
  5  -5.8003036967  2.000000
  6  -5.3003036967  2.000000
  7  -4.8003036967  2.000000
  8  -4.3003036967  2.000000
  9  -0.9997229917  2.000000
  10  0.9997229917  0.000000
  11  3.0110175521  0.000000
  12  3.6110175521  0.000000

  0.00000000  0.00000000  0.00000000  0.004310344828
  1  -7.8000000000  2.000000
  2  -7.3000000000  2.000000
  3  -6.8000000000  2.000000
  4  -6.3000000000  2.000000
  5  -5.8000000000  2.000000
  6  -5.3000000000  2.000000
  7  -4.8000000000  2.000000
  8  -4.3000000000  2.000000
  9  -1.0111111111  2.000000
  10  1.0111111111  0.000000
  11  3.0000000000  0.000000
  12  3.6000000000  0.000000

  0.00000000  0.00000000  0.00000000  0.004310344828
  1  -7.8000000000  2.000000
  2  -7.3000000000  2.000000
  3  -6.8000000000  2.000000
  4  -6.3000000000  2.000000
  5  -5.8000000000  2.000000
  6  -5.3000000000  2.000000
  7  -4.8000000000  2.000000
  8  -4.3000000000  2.000000
  9  -1.0111111111  2.000000
  10  1.0111111111  0.000000
  11  3.0000000000  0.000000
  12  3.6000000000  0.000000

  0.02631579  0.00000000  0.00000000  0.004310344828
  1  -7.8006831014  2.000000
  2  -7.3006831014  2.000000
  3  -6.8006831014  2.000000
  4  -6.3006831014  2.000000
  5  -5.8006831014  2.000000
  6  -5.3006831014  2.000000
  7  -4.8006831014  2.000000
  8  -4.3006831014  2.000000
  9  -1.0026854417  2.000000
  10  1.0026854417  0.000000
  11  3.0165158691  0.000000
  12  3.6165158691  0.000000

  0.05263158  0.00000000  0.00000000  0.004310344828
  1  -7.8027277393  2.000000
  2  -7.3027277393  2.000000
  3  -6.8027277393  2.000000
  4  -6.3027277393  2.000000
  5  -5.8027277393  2.000000
  6  -5.3027277393  2.000000
  7  -4.8027277393  2.000000
  8  -4.3027277393  2.000000
  9  -0.9949522930  2.000000
  10  0.9949522930  0.000000
  11  3.0329189181  0.000000
  12  3.6329189181  0.000000

  0.07894737  0.00000000  0.00000000  0.004310344828
  1  -7.8061199468  2.000000
  2  -7.3061199468  2.000000
  3  -6.8061199468  2.000000
  4  -6.3061199468  2.000000
  5  -5.8061199468  2.000000
  6  -5.3061199468  2.000000
  7  -4.8061199468  2.000000
  8  -4.3061199468  2.000000
  9  -0.9879116651  2.000000
  10  0.9879116651  0.000000
  11  3.0490970974  0.000000
  12  3.6490970974  0.000000

  0.10526316  0.00000000  0.00000000  0.004310344828
  1  -7.8108365517  2.000000
  2  -7.3108365517  2.000000
  3  -6.8108365517  2.000000
  4  -6.3108365517  2.000000
  5  -5.8108365517  2.000000
  6  -5.3108365517  2.000000
  7  -4.8108365517  2.000000
  8  -4.3108365517  2.000000
  9  -0.9815635580  2.000000
  10  0.9815635580  0.000000
  11  3.0649398938  0.000000
  12  3.6649398938  0.000000

  0.13157895  0.00000000  0.00000000  0.004310344828
  1  -7.8168453347  2.000000
  2  -7.3168453347  2.000000
  3  -6.8168453347  2.000000
  4  -6.3168453347  2.000000
  5  -5.8168453347  2.000000
  6  -5.3168453347  2.000000
  7  -4.8168453347  2.000000
  8  -4.3168453347  2.000000
  9  -0.9759079717  2.000000
  10  0.9759079717  0.000000
  11  3.0803390849  0.000000
  12  3.6803390849  0.000000

  0.15789474  0.00000000  0.00000000  0.004310344828
  1  -7.8241052498  2.000000
  2  -7.3241052498  2.000000
  3  -6.8241052498  2.000000
  4  -6.3241052498  2.000000
  5  -5.8241052498  2.000000
  6  -5.3241052498  2.000000
  7  -4.8241052498  2.000000
  8  -4.3241052498  2.000000
  9  -0.9709449061  2.000000
  10  0.9709449061  0.000000
  11  3.0951894786  0.000000
  12  3.6951894786  0.000000

  0.18421053  0.00000000  0.00000000  0.004310344828
  1  -7.8325667043  2.000000
  2  -7.3325667043  2.000000
  3  -6.8325667043  2.000000
  4  -6.3325667043  2.000000
  5  -5.8325667043  2.000000
  6  -5.3325667043  2.000000
  7  -4.8325667043  2.000000
  8  -4.3325667043  2.000000
  9  -0.9666743613  2.000000
  10  0.9666743613  0.000000
  11  3.1093896316  0.000000
  12  3.7093896316  0.000000

  0.21052632  0.00000000  0.00000000  0.004310344828
  1  -7.8421718981  2.000000
  2  -7.3421718981  2.000000
  3  -6.8421718981  2.000000
  4  -6.3421718981  2.000000
  5  -5.8421718981  2.000000
  6  -5.3421718981  2.000000
  7  -4.8421718981  2.000000
  8  -4.3421718981  2.000000
  9  -0.9630963373  2.000000
  10  0.9630963373  0.000000
  11  3.1228425425  0.000000
  12  3.7228425425  0.000000

  0.23684211  0.00000000  0.00000000  0.004310344828
  1  -7.8528552179  2.000000
  2  -7.3528552179  2.000000
  3  -6.8528552179  2.000000
  4  -6.3528552179  2.000000
  5  -5.8528552179  2.000000
  6  -5.3528552179  2.000000
  7  -4.8528552179  2.000000
  8  -4.3528552179  2.000000
  9  -0.9602108341  2.000000
  10  0.9602108341  0.000000
  11  3.1354563143  0.000000
  12  3.7354563143  0.000000

  0.26315789  0.00000000  0.00000000  0.004310344828
  1  -7.8645436857  2.000000
  2  -7.3645436857  2.000000
  3  -6.8645436857  2.000000
  4  -6.3645436857  2.000000
  5  -5.8645436857  2.000000
  6  -5.3645436857  2.000000
  7  -4.8645436857  2.000000
  8  -4.3645436857  2.000000
  9  -0.9580178516  2.000000
  10  0.9580178516  0.000000
  11  3.1471447821  0.000000
  12  3.7471447821  0.000000

  0.28947368  0.00000000  0.00000000  0.004310344828
  1  -7.8771574575  2.000000
  2  -7.3771574575  2.000000
  3  -6.8771574575  2.000000
  4  -6.3771574575  2.000000
  5  -5.8771574575  2.000000
  6  -5.3771574575  2.000000
  7  -4.8771574575  2.000000
  8  -4.3771574575  2.000000
  9  -0.9565173900  2.000000
  10  0.9565173900  0.000000
  11  3.1578281019  0.000000
  12  3.7578281019  0.000000

  0.31578947  0.00000000  0.00000000  0.004310344828
  1  -7.8906103684  2.000000
  2  -7.3906103684  2.000000
  3  -6.8906103684  2.000000
  4  -6.3906103684  2.000000
  5  -5.8906103684  2.000000
  6  -5.3906103684  2.000000
  7  -4.8906103684  2.000000
  8  -4.3906103684  2.000000
  9  -0.9557094491  2.000000
  10  0.9557094491  0.000000
  11  3.1674332957  0.000000
  12  3.7674332957  0.000000

  0.34210526  0.00000000  0.00000000  0.004310344828
  1  -7.9048105214  2.000000
  2  -7.4048105214  2.000000
  3  -6.9048105214  2.000000
  4  -6.4048105214  2.000000
  5  -5.9048105214  2.000000
  6  -5.4048105214  2.000000
  7  -4.9048105214  2.000000
  8  -4.4048105214  2.000000
  9  -0.9555940289  2.000000
  10  0.9555940289  0.000000
  11  3.1758947502  0.000000
  12  3.7758947502  0.000000

  0.36842105  0.00000000  0.00000000  0.004310344828
  1  -7.9196609151  2.000000
  2  -7.4196609151  2.000000
  3  -6.9196609151  2.000000
  4  -6.4196609151  2.000000
  5  -5.9196609151  2.000000
  6  -5.4196609151  2.000000
  7  -4.9196609151  2.000000
  8  -4.4196609151  2.000000
  9  -0.9561711296  2.000000
  10  0.9561711296  0.000000
  11  3.1831546653  0.000000
  12  3.7831546653  0.000000

  0.39473684  0.00000000  0.00000000  0.004310344828
  1  -7.9350601062  2.000000
  2  -7.4350601062  2.000000
  3  -6.9350601062  2.000000
  4  -6.4350601062  2.000000
  5  -5.9350601062  2.000000
  6  -5.4350601062  2.000000
  7  -4.9350601062  2.000000
  8  -4.4350601062  2.000000
  9  -0.9574407510  2.000000
  10  0.9574407510  0.000000
  11  3.1891634483  0.000000
  12  3.7891634483  0.000000

  0.42105263  0.00000000  0.00000000  0.004310344828
  1  -7.9509029026  2.000000
  2  -7.4509029026  2.000000
  3  -6.9509029026  2.000000
  4  -6.4509029026  2.000000
  5  -5.9509029026  2.000000
  6  -5.4509029026  2.000000
  7  -4.9509029026  2.000000
  8  -4.4509029026  2.000000
  9  -0.9594028932  2.000000
  10  0.9594028932  0.000000
  11  3.1938800532  0.000000
  12  3.7938800532  0.000000

  0.44736842  0.00000000  0.00000000  0.004310344828
  1  -7.9670810819  2.000000
  2  -7.4670810819  2.000000
  3  -6.9670810819  2.000000
  4  -6.4670810819  2.000000
  5  -5.9670810819  2.000000
  6  -5.4670810819  2.000000
  7  -4.9670810819  2.000000
  8  -4.4670810819  2.000000
  9  -0.9620575562  2.000000
  10  0.9620575562  0.000000
  11  3.1972722607  0.000000
  12  3.7972722607  0.000000

  0.47368421  0.00000000  0.00000000  0.004310344828
  1  -7.9834841309  2.000000
  2  -7.4834841309  2.000000
  3  -6.9834841309  2.000000
  4  -6.4834841309  2.000000
  5  -5.9834841309  2.000000
  6  -5.4834841309  2.000000
  7  -4.9834841309  2.000000
  8  -4.4834841309  2.000000
  9  -0.9654047399  2.000000
  10  0.9654047399  0.000000
  11  3.1993168986  0.000000
  12  3.7993168986  0.000000

  0.50000000  0.00000000  0.00000000  0.004310344828
  1  -8.0000000000  2.000000
  2  -7.5000000000  2.000000
  3  -7.0000000000  2.000000
  4  -6.5000000000  2.000000
  5  -6.0000000000  2.000000
  6  -5.5000000000  2.000000
  7  -5.0000000000  2.000000
  8  -4.5000000000  2.000000
  9  -0.9694444444  2.000000
  10  0.9694444444  0.000000
  11  3.2000000000  0.000000
  12  3.8000000000  0.000000

  0.49122807  0.01754386  0.00000000  0.004310344828
  1  -7.9944891315  2.000000
  2  -7.4944891315  2.000000
  3  -6.9944891315  2.000000
  4  -6.4944891315  2.000000
  5  -5.9944891315  2.000000
  6  -5.4944891315  2.000000
  7  -4.9944891315  2.000000
  8  -4.4944891315  2.000000
  9  -0.9623268698  2.000000
  10  0.9623268698  0.000000
  11  3.1999240614  0.000000
  12  3.7999240614  0.000000

  0.48245614  0.03508772  0.00000000  0.004310344828
  1  -7.9889824479  2.000000
  2  -7.4889824479  2.000000
  3  -6.9889824479  2.000000
  4  -6.4889824479  2.000000
  5  -5.9889824479  2.000000
  6  -5.4889824479  2.000000
  7  -4.9889824479  2.000000
  8  -4.4889824479  2.000000
  9  -0.9555940289  2.000000
  10  0.9555940289  0.000000
  11  3.1996963033  0.000000
  12  3.7996963033  0.000000

  0.47368421  0.05263158  0.00000000  0.004310344828
  1  -7.9834841309  2.000000
  2  -7.4834841309  2.000000
  3  -6.9834841309  2.000000
  4  -6.4834841309  2.000000
  5  -5.9834841309  2.000000
  6  -5.4834841309  2.000000
  7  -4.9834841309  2.000000
  8  -4.4834841309  2.000000
  9  -0.9492459218  2.000000
  10  0.9492459218  0.000000
  11  3.1993168986  0.000000
  12  3.7993168986  0.000000

  0.46491228  0.07017544  0.00000000  0.004310344828
  1  -7.9779983558  2.000000
  2  -7.4779983558  2.000000
  3  -6.9779983558  2.000000
  4  -6.4779983558  2.000000
  5  -5.9779983558  2.000000
  6  -5.4779983558  2.000000
  7  -4.9779983558  2.000000
  8  -4.4779983558  2.000000
  9  -0.9432825485  2.000000
  10  0.9432825485  0.000000
  11  3.1987861355  0.000000
  12  3.7987861355  0.000000

  0.45614035  0.08771930  0.00000000  0.004310344828
  1  -7.9725292884  2.000000
  2  -7.4725292884  2.000000
  3  -6.9725292884  2.000000
  4  -6.4725292884  2.000000
  5  -5.9725292884  2.000000
  6  -5.4725292884  2.000000
  7  -4.9725292884  2.000000
  8  -4.4725292884  2.000000
  9  -0.9377039089  2.000000
  10  0.9377039089  0.000000
  11  3.1981044169  0.000000
  12  3.7981044169  0.000000

  0.44736842  0.10526316  0.00000000  0.004310344828
  1  -7.9670810819  2.000000
  2  -7.4670810819  2.000000
  3  -6.9670810819  2.000000
  4  -6.4670810819  2.000000
  5  -5.9670810819  2.000000
  6  -5.4670810819  2.000000
  7  -4.9670810819  2.000000
  8  -4.4670810819  2.000000
  9  -0.9325100031  2.000000
  10  0.9325100031  0.000000
  11  3.1972722607  0.000000
  12  3.7972722607  0.000000

  0.43859649  0.12280702  0.00000000  0.004310344828
  1  -7.9616578736  2.000000
  2  -7.4616578736  2.000000
  3  -6.9616578736  2.000000
  4  -6.4616578736  2.000000
  5  -5.9616578736  2.000000
  6  -5.4616578736  2.000000
  7  -4.9616578736  2.000000
  8  -4.4616578736  2.000000
  9  -0.9277008310  2.000000
  10  0.9277008310  0.000000
  11  3.1962902987  0.000000
  12  3.7962902987  0.000000

  0.42982456  0.14035088  0.00000000  0.004310344828
  1  -7.9562637818  2.000000
  2  -7.4562637818  2.000000
  3  -6.9562637818  2.000000
  4  -6.4562637818  2.000000
  5  -5.9562637818  2.000000
  6  -5.4562637818  2.000000
  7  -4.9562637818  2.000000
  8  -4.4562637818  2.000000
  9  -0.9232763927  2.000000
  10  0.9232763927  0.000000
  11  3.1951592765  0.000000
  12  3.7951592765  0.000000

  0.42105263  0.15789474  0.00000000  0.004310344828
  1  -7.9509029026  2.000000
  2  -7.4509029026  2.000000
  3  -6.9509029026  2.000000
  4  -6.4509029026  2.000000
  5  -5.9509029026  2.000000
  6  -5.4509029026  2.000000
  7  -4.9509029026  2.000000
  8  -4.4509029026  2.000000
  9  -0.9192366882  2.000000
  10  0.9192366882  0.000000
  11  3.1938800532  0.000000
  12  3.7938800532  0.000000

  0.41228070  0.17543860  0.00000000  0.004310344828
  1  -7.9455793070  2.000000
  2  -7.4455793070  2.000000
  3  -6.9455793070  2.000000
  4  -6.4455793070  2.000000
  5  -5.9455793070  2.000000
  6  -5.4455793070  2.000000
  7  -4.9455793070  2.000000
  8  -4.4455793070  2.000000
  9  -0.9155817175  2.000000
  10  0.9155817175  0.000000
  11  3.1924536001  0.000000
  12  3.7924536001  0.000000

  0.40350877  0.19298246  0.00000000  0.004310344828
  1  -7.9402970378  2.000000
  2  -7.4402970378  2.000000
  3  -6.9402970378  2.000000
  4  -6.4402970378  2.000000
  5  -5.9402970378  2.000000
  6  -5.4402970378  2.000000
  7  -4.9402970378  2.000000
  8  -4.4402970378  2.000000
  9  -0.9123114805  2.000000
  10  0.9123114805  0.000000
  11  3.1908810004  0.000000
  12  3.7908810004  0.000000

  0.39473684  0.21052632  0.00000000  0.004310344828
  1  -7.9350601062  2.000000
  2  -7.4350601062  2.000000
  3  -6.9350601062  2.000000
  4  -6.4350601062  2.000000
  5  -5.9350601062  2.000000
  6  -5.4350601062  2.000000
  7  -4.9350601062  2.000000
  8  -4.4350601062  2.000000
  9  -0.9094259772  2.000000
  10  0.9094259772  0.000000
  11  3.1891634483  0.000000
  12  3.7891634483  0.000000

  0.38596491  0.22807018  0.00000000  0.004310344828
  1  -7.9298724890  2.000000
  2  -7.4298724890  2.000000
  3  -6.9298724890  2.000000
  4  -6.4298724890  2.000000
  5  -5.9298724890  2.000000
  6  -5.4298724890  2.000000
  7  -4.9298724890  2.000000
  8  -4.4298724890  2.000000
  9  -0.9069252078  2.000000
  10  0.9069252078  0.000000
  11  3.1873022482  0.000000
  12  3.7873022482  0.000000

  0.37719298  0.24561404  0.00000000  0.004310344828
  1  -7.9247381256  2.000000
  2  -7.4247381256  2.000000
  3  -6.9247381256  2.000000
  4  -6.4247381256  2.000000
  5  -5.9247381256  2.000000
  6  -5.4247381256  2.000000
  7  -4.9247381256  2.000000
  8  -4.4247381256  2.000000
  9  -0.9048091721  2.000000
  10  0.9048091721  0.000000
  11  3.1852988134  0.000000
  12  3.7852988134  0.000000

  0.36842105  0.26315789  0.00000000  0.004310344828
  1  -7.9196609151  2.000000
  2  -7.4196609151  2.000000
  3  -6.9196609151  2.000000
  4  -6.4196609151  2.000000
  5  -5.9196609151  2.000000
  6  -5.4196609151  2.000000
  7  -4.9196609151  2.000000
  8  -4.4196609151  2.000000
  9  -0.9030778701  2.000000
  10  0.9030778701  0.000000
  11  3.1831546653  0.000000
  12  3.7831546653  0.000000

  0.35964912  0.28070175  0.00000000  0.004310344828
  1  -7.9146447129  2.000000
  2  -7.4146447129  2.000000
  3  -6.9146447129  2.000000
  4  -6.4146447129  2.000000
  5  -5.9146447129  2.000000
  6  -5.4146447129  2.000000
  7  -4.9146447129  2.000000
  8  -4.4146447129  2.000000
  9  -0.9017313019  2.000000
  10  0.9017313019  0.000000
  11  3.1808714321  0.000000
  12  3.7808714321  0.000000

  0.35087719  0.29824561  0.00000000  0.004310344828
  1  -7.9096933283  2.000000
  2  -7.4096933283  2.000000
  3  -6.9096933283  2.000000
  4  -6.4096933283  2.000000
  5  -5.9096933283  2.000000
  6  -5.4096933283  2.000000
  7  -4.9096933283  2.000000
  8  -4.4096933283  2.000000
  9  -0.9007694675  2.000000
  10  0.9007694675  0.000000
  11  3.1784508477  0.000000
  12  3.7784508477  0.000000

  0.34210526  0.31578947  0.00000000  0.004310344828
  1  -7.9048105214  2.000000
  2  -7.4048105214  2.000000
  3  -6.9048105214  2.000000
  4  -6.4048105214  2.000000
  5  -5.9048105214  2.000000
  6  -5.4048105214  2.000000
  7  -4.9048105214  2.000000
  8  -4.4048105214  2.000000
  9  -0.9001923669  2.000000
  10  0.9001923669  0.000000
  11  3.1758947502  0.000000
  12  3.7758947502  0.000000

  0.33333333  0.33333333  0.00000000  0.004310344828
  1  -7.9000000000  2.000000
  2  -7.4000000000  2.000000
  3  -6.9000000000  2.000000
  4  -6.4000000000  2.000000
  5  -5.9000000000  2.000000
  6  -5.4000000000  2.000000
  7  -4.9000000000  2.000000
  8  -4.4000000000  2.000000
  9  -0.9000000000  2.000000
  10  0.9000000000  0.000000
  11  3.1732050808  0.000000
  12  3.7732050808  0.000000

  0.31578947  0.31578947  0.00000000  0.004310344828
  1  -7.8906103684  2.000000
  2  -7.3906103684  2.000000
  3  -6.8906103684  2.000000
  4  -6.3906103684  2.000000
  5  -5.8906103684  2.000000
  6  -5.3906103684  2.000000
  7  -4.8906103684  2.000000
  8  -4.3906103684  2.000000
  9  -0.9003077870  2.000000
  10  0.9003077870  0.000000
  11  3.1674332957  0.000000
  12  3.7674332957  0.000000

  0.29824561  0.29824561  0.00000000  0.004310344828
  1  -7.8815529495  2.000000
  2  -7.3815529495  2.000000
  3  -6.8815529495  2.000000
  4  -6.3815529495  2.000000
  5  -5.8815529495  2.000000
  6  -5.3815529495  2.000000
  7  -4.8815529495  2.000000
  8  -4.3815529495  2.000000
  9  -0.9012311480  2.000000
  10  0.9012311480  0.000000
  11  3.1611530211  0.000000
  12  3.7611530211  0.000000

  0.28070175  0.28070175  0.00000000  0.004310344828
  1  -7.8728552504  2.000000
  2  -7.3728552504  2.000000
  3  -6.8728552504  2.000000
  4  -6.3728552504  2.000000
  5  -5.8728552504  2.000000
  6  -5.3728552504  2.000000
  7  -4.8728552504  2.000000
  8  -4.3728552504  2.000000
  9  -0.9027700831  2.000000
  10  0.9027700831  0.000000
  11  3.1543833302  0.000000
  12  3.7543833302  0.000000

  0.26315789  0.26315789  0.00000000  0.004310344828
  1  -7.8645436857  2.000000
  2  -7.3645436857  2.000000
  3  -6.8645436857  2.000000
  4  -6.3645436857  2.000000
  5  -5.8645436857  2.000000
  6  -5.3645436857  2.000000
  7  -4.8645436857  2.000000
  8  -4.3645436857  2.000000
  9  -0.9049245922  2.000000
  10  0.9049245922  0.000000
  11  3.1471447821  0.000000
  12  3.7471447821  0.000000

  0.24561404  0.24561404  0.00000000  0.004310344828
  1  -7.8566434974  2.000000
  2  -7.3566434974  2.000000
  3  -6.8566434974  2.000000
  4  -6.3566434974  2.000000
  5  -5.8566434974  2.000000
  6  -5.3566434974  2.000000
  7  -4.8566434974  2.000000
  8  -4.3566434974  2.000000
  9  -0.9076946753  2.000000
  10  0.9076946753  0.000000
  11  3.1394593602  0.000000
  12  3.7394593602  0.000000

  0.22807018  0.22807018  0.00000000  0.004310344828
  1  -7.8491786780  2.000000
  2  -7.3491786780  2.000000
  3  -6.8491786780  2.000000
  4  -6.3491786780  2.000000
  5  -5.8491786780  2.000000
  6  -5.3491786780  2.000000
  7  -4.8491786780  2.000000
  8  -4.3491786780  2.000000
  9  -0.9110803324  2.000000
  10  0.9110803324  0.000000
  11  3.1313504048  0.000000
  12  3.7313504048  0.000000

  0.21052632  0.21052632  0.00000000  0.004310344828
  1  -7.8421718981  2.000000
  2  -7.3421718981  2.000000
  3  -6.8421718981  2.000000
  4  -6.3421718981  2.000000
  5  -5.8421718981  2.000000
  6  -5.3421718981  2.000000
  7  -4.8421718981  2.000000
  8  -4.3421718981  2.000000
  9  -0.9150815636  2.000000
  10  0.9150815636  0.000000
  11  3.1228425425  0.000000
  12  3.7228425425  0.000000

  0.19298246  0.19298246  0.00000000  0.004310344828
  1  -7.8356444370  2.000000
  2  -7.3356444370  2.000000
  3  -6.8356444370  2.000000
  4  -6.3356444370  2.000000
  5  -5.8356444370  2.000000
  6  -5.3356444370  2.000000
  7  -4.8356444370  2.000000
  8  -4.3356444370  2.000000
  9  -0.9196983687  2.000000
  10  0.9196983687  0.000000
  11  3.1139616115  0.000000
  12  3.7139616115  0.000000

  0.17543860  0.17543860  0.00000000  0.004310344828
  1  -7.8296161182  2.000000
  2  -7.3296161182  2.000000
  3  -6.8296161182  2.000000
  4  -6.3296161182  2.000000
  5  -5.8296161182  2.000000
  6  -5.3296161182  2.000000
  7  -4.8296161182  2.000000
  8  -4.3296161182  2.000000
  9  -0.9249307479  2.000000
  10  0.9249307479  0.000000
  11  3.1047345828  0.000000
  12  3.7047345828  0.000000

  0.15789474  0.15789474  0.00000000  0.004310344828
  1  -7.8241052498  2.000000
  2  -7.3241052498  2.000000
  3  -6.8241052498  2.000000
  4  -6.3241052498  2.000000
  5  -5.8241052498  2.000000
  6  -5.3241052498  2.000000
  7  -4.8241052498  2.000000
  8  -4.3241052498  2.000000
  9  -0.9307787011  2.000000
  10  0.9307787011  0.000000
  11  3.0951894786  0.000000
  12  3.6951894786  0.000000

  0.14035088  0.14035088  0.00000000  0.004310344828
  1  -7.8191285679  2.000000
  2  -7.3191285679  2.000000
  3  -6.8191285679  2.000000
  4  -6.3191285679  2.000000
  5  -5.8191285679  2.000000
  6  -5.3191285679  2.000000
  7  -4.8191285679  2.000000
  8  -4.3191285679  2.000000
  9  -0.9372422284  2.000000
  10  0.9372422284  0.000000
  11  3.0853552871  0.000000
  12  3.6853552871  0.000000

  0.12280702  0.12280702  0.00000000  0.004310344828
  1  -7.8147011866  2.000000
  2  -7.3147011866  2.000000
  3  -6.8147011866  2.000000
  4  -6.3147011866  2.000000
  5  -5.8147011866  2.000000
  6  -5.3147011866  2.000000
  7  -4.8147011866  2.000000
  8  -4.3147011866  2.000000
  9  -0.9443213296  2.000000
  10  0.9443213296  0.000000
  11  3.0752618744  0.000000
  12  3.6752618744  0.000000

  0.10526316  0.10526316  0.00000000  0.004310344828
  1  -7.8108365517  2.000000
  2  -7.3108365517  2.000000
  3  -6.8108365517  2.000000
  4  -6.3108365517  2.000000
  5  -5.8108365517  2.000000
  6  -5.3108365517  2.000000
  7  -4.8108365517  2.000000
  8  -4.3108365517  2.000000
  9  -0.9520160049  2.000000
  10  0.9520160049  0.000000
  11  3.0649398938  0.000000
  12  3.6649398938  0.000000

  0.08771930  0.08771930  0.00000000  0.004310344828
  1  -7.8075463999  2.000000
  2  -7.3075463999  2.000000
  3  -6.8075463999  2.000000
  4  -6.3075463999  2.000000
  5  -5.8075463999  2.000000
  6  -5.3075463999  2.000000
  7  -4.8075463999  2.000000
  8  -4.3075463999  2.000000
  9  -0.9603262542  2.000000
  10  0.9603262542  0.000000
  11  3.0544206930  0.000000
  12  3.6544206930  0.000000

  0.07017544  0.07017544  0.00000000  0.004310344828
  1  -7.8048407235  2.000000
  2  -7.3048407235  2.000000
  3  -6.8048407235  2.000000
  4  -6.3048407235  2.000000
  5  -5.8048407235  2.000000
  6  -5.3048407235  2.000000
  7  -4.8048407235  2.000000
  8  -4.3048407235  2.000000
  9  -0.9692520776  2.000000
  10  0.9692520776  0.000000
  11  3.0437362182  0.000000
  12  3.6437362182  0.000000

  0.05263158  0.05263158  0.00000000  0.004310344828
  1  -7.8027277393  2.000000
  2  -7.3027277393  2.000000
  3  -6.8027277393  2.000000
  4  -6.3027277393  2.000000
  5  -5.8027277393  2.000000
  6  -5.3027277393  2.000000
  7  -4.8027277393  2.000000
  8  -4.3027277393  2.000000
  9  -0.9787934749  2.000000
  10  0.9787934749  0.000000
  11  3.0329189181  0.000000
  12  3.6329189181  0.000000

  0.03508772  0.03508772  0.00000000  0.004310344828
  1  -7.8012138645  2.000000
  2  -7.3012138645  2.000000
  3  -6.8012138645  2.000000
  4  -6.3012138645  2.000000
  5  -5.8012138645  2.000000
  6  -5.3012138645  2.000000
  7  -4.8012138645  2.000000
  8  -4.3012138645  2.000000
  9  -0.9889504463  2.000000
  10  0.9889504463  0.000000
  11  3.0220016442  0.000000
  12  3.6220016442  0.000000

  0.01754386  0.01754386  0.00000000  0.004310344828
  1  -7.8003036967  2.000000
  2  -7.3003036967  2.000000
  3  -6.8003036967  2.000000
  4  -6.3003036967  2.000000
  5  -5.8003036967  2.000000
  6  -5.3003036967  2.000000
  7  -4.8003036967  2.000000
  8  -4.3003036967  2.000000
  9  -0.9997229917  2.000000
  10  0.9997229917  0.000000
  11  3.0110175521  0.000000
  12  3.6110175521  0.000000

  0.00000000  0.00000000  0.00000000  0.004310344828
  1  -7.8000000000  2.000000
  2  -7.3000000000  2.000000
  3  -6.8000000000  2.000000
  4  -6.3000000000  2.000000
  5  -5.8000000000  2.000000
  6  -5.3000000000  2.000000
  7  -4.8000000000  2.000000
  8  -4.3000000000  2.000000
  9  -1.0111111111  2.000000
  10  1.0111111111  0.000000
  11  3.0000000000  0.000000
  12  3.6000000000  0.000000

  0.00000000  0.00000000  0.00000000  0.004310344828
  1  -7.8000000000  2.000000
  2  -7.3000000000  2.000000
  3  -6.8000000000  2.000000
  4  -6.3000000000  2.000000
  5  -5.8000000000  2.000000
  6  -5.3000000000  2.000000
  7  -4.8000000000  2.000000
  8  -4.3000000000  2.000000
  9  -1.0111111111  2.000000
  10  1.0111111111  0.000000
  11  3.0000000000  0.000000
  12  3.6000000000  0.000000

  0.02631579  0.00000000  0.00000000  0.004310344828
  1  -7.8006831014  2.000000
  2  -7.3006831014  2.000000
  3  -6.8006831014  2.000000
  4  -6.3006831014  2.000000
  5  -5.8006831014  2.000000
  6  -5.3006831014  2.000000
  7  -4.8006831014  2.000000
  8  -4.3006831014  2.000000
  9  -1.0026854417  2.000000
  10  1.0026854417  0.000000
  11  3.0165158691  0.000000
  12  3.6165158691  0.000000

  0.05263158  0.00000000  0.00000000  0.004310344828
  1  -7.8027277393  2.000000
  2  -7.3027277393  2.000000
  3  -6.8027277393  2.000000
  4  -6.3027277393  2.000000
  5  -5.8027277393  2.000000
  6  -5.3027277393  2.000000
  7  -4.8027277393  2.000000
  8  -4.3027277393  2.000000
  9  -0.9949522930  2.000000
  10  0.9949522930  0.000000
  11  3.0329189181  0.000000
  12  3.6329189181  0.000000

  0.07894737  0.00000000  0.00000000  0.004310344828
  1  -7.8061199468  2.000000
  2  -7.3061199468  2.000000
  3  -6.8061199468  2.000000
  4  -6.3061199468  2.000000
  5  -5.8061199468  2.000000
  6  -5.3061199468  2.000000
  7  -4.8061199468  2.000000
  8  -4.3061199468  2.000000
  9  -0.9879116651  2.000000
  10  0.9879116651  0.000000
  11  3.0490970974  0.000000
  12  3.6490970974  0.000000

  0.10526316  0.00000000  0.00000000  0.004310344828
  1  -7.8108365517  2.000000
  2  -7.3108365517  2.000000
  3  -6.8108365517  2.000000
  4  -6.3108365517  2.000000
  5  -5.8108365517  2.000000
  6  -5.3108365517  2.000000
  7  -4.8108365517  2.000000
  8  -4.3108365517  2.000000
  9  -0.9815635580  2.000000
  10  0.9815635580  0.000000
  11  3.0649398938  0.000000
  12  3.6649398938  0.000000

  0.13157895  0.00000000  0.00000000  0.004310344828
  1  -7.8168453347  2.000000
  2  -7.3168453347  2.000000
  3  -6.8168453347  2.000000
  4  -6.3168453347  2.000000
  5  -5.8168453347  2.000000
  6  -5.3168453347  2.000000
  7  -4.8168453347  2.000000
  8  -4.3168453347  2.000000
  9  -0.9759079717  2.000000
  10  0.9759079717  0.000000
  11  3.0803390849  0.000000
  12  3.6803390849  0.000000

  0.15789474  0.00000000  0.00000000  0.004310344828
  1  -7.8241052498  2.000000
  2  -7.3241052498  2.000000
  3  -6.8241052498  2.000000
  4  -6.3241052498  2.000000
  5  -5.8241052498  2.000000
  6  -5.3241052498  2.000000
  7  -4.8241052498  2.000000
  8  -4.3241052498  2.000000
  9  -0.9709449061  2.000000
  10  0.9709449061  0.000000
  11  3.0951894786  0.000000
  12  3.6951894786  0.000000

  0.18421053  0.00000000  0.00000000  0.004310344828
  1  -7.8325667043  2.000000
  2  -7.3325667043  2.000000
  3  -6.8325667043  2.000000
  4  -6.3325667043  2.000000
  5  -5.8325667043  2.000000
  6  -5.3325667043  2.000000
  7  -4.8325667043  2.000000
  8  -4.3325667043  2.000000
  9  -0.9666743613  2.000000
  10  0.9666743613  0.000000
  11  3.1093896316  0.000000
  12  3.7093896316  0.000000

  0.21052632  0.00000000  0.00000000  0.004310344828
  1  -7.8421718981  2.000000
  2  -7.3421718981  2.000000
  3  -6.8421718981  2.000000
  4  -6.3421718981  2.000000
  5  -5.8421718981  2.000000
  6  -5.3421718981  2.000000
  7  -4.8421718981  2.000000
  8  -4.3421718981  2.000000
  9  -0.9630963373  2.000000
  10  0.9630963373  0.000000
  11  3.1228425425  0.000000
  12  3.7228425425  0.000000

  0.23684211  0.00000000  0.00000000  0.004310344828
  1  -7.8528552179  2.000000
  2  -7.3528552179  2.000000
  3  -6.8528552179  2.000000
  4  -6.3528552179  2.000000
  5  -5.8528552179  2.000000
  6  -5.3528552179  2.000000
  7  -4.8528552179  2.000000
  8  -4.3528552179  2.000000
  9  -0.9602108341  2.000000
  10  0.9602108341  0.000000
  11  3.1354563143  0.000000
  12  3.7354563143  0.000000

  0.26315789  0.00000000  0.00000000  0.004310344828
  1  -7.8645436857  2.000000
  2  -7.3645436857  2.000000
  3  -6.8645436857  2.000000
  4  -6.3645436857  2.000000
  5  -5.8645436857  2.000000
  6  -5.3645436857  2.000000
  7  -4.8645436857  2.000000
  8  -4.3645436857  2.000000
  9  -0.9580178516  2.000000
  10  0.9580178516  0.000000
  11  3.1471447821  0.000000
  12  3.7471447821  0.000000

  0.28947368  0.00000000  0.00000000  0.004310344828
  1  -7.8771574575  2.000000
  2  -7.3771574575  2.000000
  3  -6.8771574575  2.000000
  4  -6.3771574575  2.000000
  5  -5.8771574575  2.000000
  6  -5.3771574575  2.000000
  7  -4.8771574575  2.000000
  8  -4.3771574575  2.000000
  9  -0.9565173900  2.000000
  10  0.9565173900  0.000000
  11  3.1578281019  0.000000
  12  3.7578281019  0.000000

  0.31578947  0.00000000  0.00000000  0.004310344828
  1  -7.8906103684  2.000000
  2  -7.3906103684  2.000000
  3  -6.8906103684  2.000000
  4  -6.3906103684  2.000000
  5  -5.8906103684  2.000000
  6  -5.3906103684  2.000000
  7  -4.8906103684  2.000000
  8  -4.3906103684  2.000000
  9  -0.9557094491  2.000000
  10  0.9557094491  0.000000
  11  3.1674332957  0.000000
  12  3.7674332957  0.000000

  0.34210526  0.00000000  0.00000000  0.004310344828
  1  -7.9048105214  2.000000
  2  -7.4048105214  2.000000
  3  -6.9048105214  2.000000
  4  -6.4048105214  2.000000
  5  -5.9048105214  2.000000
  6  -5.4048105214  2.000000
  7  -4.9048105214  2.000000
  8  -4.4048105214  2.000000
  9  -0.9555940289  2.000000
  10  0.9555940289  0.000000
  11  3.1758947502  0.000000
  12  3.7758947502  0.000000

  0.36842105  0.00000000  0.00000000  0.004310344828
  1  -7.9196609151  2.000000
  2  -7.4196609151  2.000000
  3  -6.9196609151  2.000000
  4  -6.4196609151  2.000000
  5  -5.9196609151  2.000000
  6  -5.4196609151  2.000000
  7  -4.9196609151  2.000000
  8  -4.4196609151  2.000000
  9  -0.9561711296  2.000000
  10  0.9561711296  0.000000
  11  3.1831546653  0.000000
  12  3.7831546653  0.000000

  0.39473684  0.00000000  0.00000000  0.004310344828
  1  -7.9350601062  2.000000
  2  -7.4350601062  2.000000
  3  -6.9350601062  2.000000
  4  -6.4350601062  2.000000
  5  -5.9350601062  2.000000
  6  -5.4350601062  2.000000
  7  -4.9350601062  2.000000
  8  -4.4350601062  2.000000
  9  -0.9574407510  2.000000
  10  0.9574407510  0.000000
  11  3.1891634483  0.000000
  12  3.7891634483  0.000000

  0.42105263  0.00000000  0.00000000  0.004310344828
  1  -7.9509029026  2.000000
  2  -7.4509029026  2.000000
  3  -6.9509029026  2.000000
  4  -6.4509029026  2.000000
  5  -5.9509029026  2.000000
  6  -5.4509029026  2.000000
  7  -4.9509029026  2.000000
  8  -4.4509029026  2.000000
  9  -0.9594028932  2.000000
  10  0.9594028932  0.000000
  11  3.1938800532  0.000000
  12  3.7938800532  0.000000

  0.44736842  0.00000000  0.00000000  0.004310344828
  1  -7.9670810819  2.000000
  2  -7.4670810819  2.000000
  3  -6.9670810819  2.000000
  4  -6.4670810819  2.000000
  5  -5.9670810819  2.000000
  6  -5.4670810819  2.000000
  7  -4.9670810819  2.000000
  8  -4.4670810819  2.000000
  9  -0.9620575562  2.000000
  10  0.9620575562  0.000000
  11  3.1972722607  0.000000
  12  3.7972722607  0.000000

  0.47368421  0.00000000  0.00000000  0.004310344828
  1  -7.9834841309  2.000000
  2  -7.4834841309  2.000000
  3  -6.9834841309  2.000000
  4  -6.4834841309  2.000000
  5  -5.9834841309  2.000000
  6  -5.4834841309  2.000000
  7  -4.9834841309  2.000000
  8  -4.4834841309  2.000000
  9  -0.9654047399  2.000000
  10  0.9654047399  0.000000
  11  3.1993168986  0.000000
  12  3.7993168986  0.000000

  0.50000000  0.00000000  0.00000000  0.004310344828
  1  -8.0000000000  2.000000
  2  -7.5000000000  2.000000
  3  -7.0000000000  2.000000
  4  -6.5000000000  2.000000
  5  -6.0000000000  2.000000
  6  -5.5000000000  2.000000
  7  -5.0000000000  2.000000
  8  -4.5000000000  2.000000
  9  -0.9694444444  2.000000
  10  0.9694444444  0.000000
  11  3.2000000000  0.000000
  12  3.8000000000  0.000000

  0.49122807  0.01754386  0.00000000  0.004310344828
  1  -7.9944891315  2.000000
  2  -7.4944891315  2.000000
  3  -6.9944891315  2.000000
  4  -6.4944891315  2.000000
  5  -5.9944891315  2.000000
  6  -5.4944891315  2.000000
  7  -4.9944891315  2.000000
  8  -4.4944891315  2.000000
  9  -0.9623268698  2.000000
  10  0.9623268698  0.000000
  11  3.1999240614  0.000000
  12  3.7999240614  0.000000

  0.48245614  0.03508772  0.00000000  0.004310344828
  1  -7.9889824479  2.000000
  2  -7.4889824479  2.000000
  3  -6.9889824479  2.000000
  4  -6.4889824479  2.000000
  5  -5.9889824479  2.000000
  6  -5.4889824479  2.000000
  7  -4.9889824479  2.000000
  8  -4.4889824479  2.000000
  9  -0.9555940289  2.000000
  10  0.9555940289  0.000000
  11  3.1996963033  0.000000
  12  3.7996963033  0.000000

  0.47368421  0.05263158  0.00000000  0.004310344828
  1  -7.9834841309  2.000000
  2  -7.4834841309  2.000000
  3  -6.9834841309  2.000000
  4  -6.4834841309  2.000000
  5  -5.9834841309  2.000000
  6  -5.4834841309  2.000000
  7  -4.9834841309  2.000000
  8  -4.4834841309  2.000000
  9  -0.9492459218  2.000000
  10  0.9492459218  0.000000
  11  3.1993168986  0.000000
  12  3.7993168986  0.000000

  0.46491228  0.07017544  0.00000000  0.004310344828
  1  -7.9779983558  2.000000
  2  -7.4779983558  2.000000
  3  -6.9779983558  2.000000
  4  -6.4779983558  2.000000
  5  -5.9779983558  2.000000
  6  -5.4779983558  2.000000
  7  -4.9779983558  2.000000
  8  -4.4779983558  2.000000
  9  -0.9432825485  2.000000
  10  0.9432825485  0.000000
  11  3.1987861355  0.000000
  12  3.7987861355  0.000000

  0.45614035  0.08771930  0.00000000  0.004310344828
  1  -7.9725292884  2.000000
  2  -7.4725292884  2.000000
  3  -6.9725292884  2.000000
  4  -6.4725292884  2.000000
  5  -5.9725292884  2.000000
  6  -5.4725292884  2.000000
  7  -4.9725292884  2.000000
  8  -4.4725292884  2.000000
  9  -0.9377039089  2.000000
  10  0.9377039089  0.000000
  11  3.1981044169  0.000000
  12  3.7981044169  0.000000

  0.44736842  0.10526316  0.00000000  0.004310344828
  1  -7.9670810819  2.000000
  2  -7.4670810819  2.000000
  3  -6.9670810819  2.000000
  4  -6.4670810819  2.000000
  5  -5.9670810819  2.000000
  6  -5.4670810819  2.000000
  7  -4.9670810819  2.000000
  8  -4.4670810819  2.000000
  9  -0.9325100031  2.000000
  10  0.9325100031  0.000000
  11  3.1972722607  0.000000
  12  3.7972722607  0.000000

  0.43859649  0.12280702  0.00000000  0.004310344828
  1  -7.9616578736  2.000000
  2  -7.4616578736  2.000000
  3  -6.9616578736  2.000000
  4  -6.4616578736  2.000000
  5  -5.9616578736  2.000000
  6  -5.4616578736  2.000000
  7  -4.9616578736  2.000000
  8  -4.4616578736  2.000000
  9  -0.9277008310  2.000000
  10  0.9277008310  0.000000
  11  3.1962902987  0.000000
  12  3.7962902987  0.000000

  0.42982456  0.14035088  0.00000000  0.004310344828
  1  -7.9562637818  2.000000
  2  -7.4562637818  2.000000
  3  -6.9562637818  2.000000
  4  -6.4562637818  2.000000
  5  -5.9562637818  2.000000
  6  -5.4562637818  2.000000
  7  -4.9562637818  2.000000
  8  -4.4562637818  2.000000
  9  -0.9232763927  2.000000
  10  0.9232763927  0.000000
  11  3.1951592765  0.000000
  12  3.7951592765  0.000000

  0.42105263  0.15789474  0.00000000  0.004310344828
  1  -7.9509029026  2.000000
  2  -7.4509029026  2.000000
  3  -6.9509029026  2.000000
  4  -6.4509029026  2.000000
  5  -5.9509029026  2.000000
  6  -5.4509029026  2.000000
  7  -4.9509029026  2.000000
  8  -4.4509029026  2.000000
  9  -0.9192366882  2.000000
  10  0.9192366882  0.000000
  11  3.1938800532  0.000000
  12  3.7938800532  0.000000

  0.41228070  0.17543860  0.00000000  0.004310344828
  1  -7.9455793070  2.000000
  2  -7.4455793070  2.000000
  3  -6.9455793070  2.000000
  4  -6.4455793070  2.000000
  5  -5.9455793070  2.000000
  6  -5.4455793070  2.000000
  7  -4.9455793070  2.000000
  8  -4.4455793070  2.000000
  9  -0.9155817175  2.000000
  10  0.9155817175  0.000000
  11  3.1924536001  0.000000
  12  3.7924536001  0.000000

  0.40350877  0.19298246  0.00000000  0.004310344828
  1  -7.9402970378  2.000000
  2  -7.4402970378  2.000000
  3  -6.9402970378  2.000000
  4  -6.4402970378  2.000000
  5  -5.9402970378  2.000000
  6  -5.4402970378  2.000000
  7  -4.9402970378  2.000000
  8  -4.4402970378  2.000000
  9  -0.9123114805  2.000000
  10  0.9123114805  0.000000
  11  3.1908810004  0.000000
  12  3.7908810004  0.000000

  0.39473684  0.21052632  0.00000000  0.004310344828
  1  -7.9350601062  2.000000
  2  -7.4350601062  2.000000
  3  -6.9350601062  2.000000
  4  -6.4350601062  2.000000
  5  -5.9350601062  2.000000
  6  -5.4350601062  2.000000
  7  -4.9350601062  2.000000
  8  -4.4350601062  2.000000
  9  -0.9094259772  2.000000
  10  0.9094259772  0.000000
  11  3.1891634483  0.000000
  12  3.7891634483  0.000000

  0.38596491  0.22807018  0.00000000  0.004310344828
  1  -7.9298724890  2.000000
  2  -7.4298724890  2.000000
  3  -6.9298724890  2.000000
  4  -6.4298724890  2.000000
  5  -5.9298724890  2.000000
  6  -5.4298724890  2.000000
  7  -4.9298724890  2.000000
  8  -4.4298724890  2.000000
  9  -0.9069252078  2.000000
  10  0.9069252078  0.000000
  11  3.1873022482  0.000000
  12  3.7873022482  0.000000

  0.37719298  0.24561404  0.00000000  0.004310344828
  1  -7.9247381256  2.000000
  2  -7.4247381256  2.000000
  3  -6.9247381256  2.000000
  4  -6.4247381256  2.000000
  5  -5.9247381256  2.000000
  6  -5.4247381256  2.000000
  7  -4.9247381256  2.000000
  8  -4.4247381256  2.000000
  9  -0.9048091721  2.000000
  10  0.9048091721  0.000000
  11  3.1852988134  0.000000
  12  3.7852988134  0.000000

  0.36842105  0.26315789  0.00000000  0.004310344828
  1  -7.9196609151  2.000000
  2  -7.4196609151  2.000000
  3  -6.9196609151  2.000000
  4  -6.4196609151  2.000000
  5  -5.9196609151  2.000000
  6  -5.4196609151  2.000000
  7  -4.9196609151  2.000000
  8  -4.4196609151  2.000000
  9  -0.9030778701  2.000000
  10  0.9030778701  0.000000
  11  3.1831546653  0.000000
  12  3.7831546653  0.000000

  0.35964912  0.28070175  0.00000000  0.004310344828
  1  -7.9146447129  2.000000
  2  -7.4146447129  2.000000
  3  -6.9146447129  2.000000
  4  -6.4146447129  2.000000
  5  -5.9146447129  2.000000
  6  -5.4146447129  2.000000
  7  -4.9146447129  2.000000
  8  -4.4146447129  2.000000
  9  -0.9017313019  2.000000
  10  0.9017313019  0.000000
  11  3.1808714321  0.000000
  12  3.7808714321  0.000000

  0.35087719  0.29824561  0.00000000  0.004310344828
  1  -7.9096933283  2.000000
  2  -7.4096933283  2.000000
  3  -6.9096933283  2.000000
  4  -6.4096933283  2.000000
  5  -5.9096933283  2.000000
  6  -5.4096933283  2.000000
  7  -4.9096933283  2.000000
  8  -4.4096933283  2.000000
  9  -0.9007694675  2.000000
  10  0.9007694675  0.000000
  11  3.1784508477  0.000000
  12  3.7784508477  0.000000

  0.34210526  0.31578947  0.00000000  0.004310344828
  1  -7.9048105214  2.000000
  2  -7.4048105214  2.000000
  3  -6.9048105214  2.000000
  4  -6.4048105214  2.000000
  5  -5.9048105214  2.000000
  6  -5.4048105214  2.000000
  7  -4.9048105214  2.000000
  8  -4.4048105214  2.000000
  9  -0.9001923669  2.000000
  10  0.9001923669  0.000000
  11  3.1758947502  0.000000
  12  3.7758947502  0.000000

  0.33333333  0.33333333  0.00000000  0.004310344828
  1  -7.9000000000  2.000000
  2  -7.4000000000  2.000000
  3  -6.9000000000  2.000000
  4  -6.4000000000  2.000000
  5  -5.9000000000  2.000000
  6  -5.4000000000  2.000000
  7  -4.9000000000  2.000000
  8  -4.4000000000  2.000000
  9  -0.9000000000  2.000000
  10  0.9000000000  0.000000
  11  3.1732050808  0.000000
  12  3.7732050808  0.000000

  0.31578947  0.31578947  0.00000000  0.004310344828
  1  -7.8906103684  2.000000
  2  -7.3906103684  2.000000
  3  -6.8906103684  2.000000
  4  -6.3906103684  2.000000
  5  -5.8906103684  2.000000
  6  -5.3906103684  2.000000
  7  -4.8906103684  2.000000
  8  -4.3906103684  2.000000
  9  -0.9003077870  2.000000
  10  0.9003077870  0.000000
  11  3.1674332957  0.000000
  12  3.7674332957  0.000000

  0.29824561  0.29824561  0.00000000  0.004310344828
  1  -7.8815529495  2.000000
  2  -7.3815529495  2.000000
  3  -6.8815529495  2.000000
  4  -6.3815529495  2.000000
  5  -5.8815529495  2.000000
  6  -5.3815529495  2.000000
  7  -4.8815529495  2.000000
  8  -4.3815529495  2.000000
  9  -0.9012311480  2.000000
  10  0.9012311480  0.000000
  11  3.1611530211  0.000000
  12  3.7611530211  0.000000

  0.28070175  0.28070175  0.00000000  0.004310344828
  1  -7.8728552504  2.000000
  2  -7.3728552504  2.000000
  3  -6.8728552504  2.000000
  4  -6.3728552504  2.000000
  5  -5.8728552504  2.000000
  6  -5.3728552504  2.000000
  7  -4.8728552504  2.000000
  8  -4.3728552504  2.000000
  9  -0.9027700831  2.000000
  10  0.9027700831  0.000000
  11  3.1543833302  0.000000
  12  3.7543833302  0.000000

  0.26315789  0.26315789  0.00000000  0.004310344828
  1  -7.8645436857  2.000000
  2  -7.3645436857  2.000000
  3  -6.8645436857  2.000000
  4  -6.3645436857  2.000000
  5  -5.8645436857  2.000000
  6  -5.3645436857  2.000000
  7  -4.8645436857  2.000000
  8  -4.3645436857  2.000000
  9  -0.9049245922  2.000000
  10  0.9049245922  0.000000
  11  3.1471447821  0.000000
  12  3.7471447821  0.000000

  0.24561404  0.24561404  0.00000000  0.004310344828
  1  -7.8566434974  2.000000
  2  -7.3566434974  2.000000
  3  -6.8566434974  2.000000
  4  -6.3566434974  2.000000
  5  -5.8566434974  2.000000
  6  -5.3566434974  2.000000
  7  -4.8566434974  2.000000
  8  -4.3566434974  2.000000
  9  -0.9076946753  2.000000
  10  0.9076946753  0.000000
  11  3.1394593602  0.000000
  12  3.7394593602  0.000000

  0.22807018  0.22807018  0.00000000  0.004310344828
  1  -7.8491786780  2.000000
  2  -7.3491786780  2.000000
  3  -6.8491786780  2.000000
  4  -6.3491786780  2.000000
  5  -5.8491786780  2.000000
  6  -5.3491786780  2.000000
  7  -4.8491786780  2.000000
  8  -4.3491786780  2.000000
  9  -0.9110803324  2.000000
  10  0.9110803324  0.000000
  11  3.1313504048  0.000000
  12  3.7313504048  0.000000

  0.21052632  0.21052632  0.00000000  0.004310344828
  1  -7.8421718981  2.000000
  2  -7.3421718981  2.000000
  3  -6.8421718981  2.000000
  4  -6.3421718981  2.000000
  5  -5.8421718981  2.000000
  6  -5.3421718981  2.000000
  7  -4.8421718981  2.000000
  8  -4.3421718981  2.000000
  9  -0.9150815636  2.000000
  10  0.9150815636  0.000000
  11  3.1228425425  0.000000
  12  3.7228425425  0.000000

  0.19298246  0.19298246  0.00000000  0.004310344828
  1  -7.8356444370  2.000000
  2  -7.3356444370  2.000000
  3  -6.8356444370  2.000000
  4  -6.3356444370  2.000000
  5  -5.8356444370  2.000000
  6  -5.3356444370  2.000000
  7  -4.8356444370  2.000000
  8  -4.3356444370  2.000000
  9  -0.9196983687  2.000000
  10  0.9196983687  0.000000
  11  3.1139616115  0.000000
  12  3.7139616115  0.000000

  0.17543860  0.17543860  0.00000000  0.004310344828
  1  -7.8296161182  2.000000
  2  -7.3296161182  2.000000
  3  -6.8296161182  2.000000
  4  -6.3296161182  2.000000
  5  -5.8296161182  2.000000
  6  -5.3296161182  2.000000
  7  -4.8296161182  2.000000
  8  -4.3296161182  2.000000
  9  -0.9249307479  2.000000
  10  0.9249307479  0.000000
  11  3.1047345828  0.000000
  12  3.7047345828  0.000000

  0.15789474  0.15789474  0.00000000  0.004310344828
  1  -7.8241052498  2.000000
  2  -7.3241052498  2.000000
  3  -6.8241052498  2.000000
  4  -6.3241052498  2.000000
  5  -5.8241052498  2.000000
  6  -5.3241052498  2.000000
  7  -4.8241052498  2.000000
  8  -4.3241052498  2.000000
  9  -0.9307787011  2.000000
  10  0.9307787011  0.000000
  11  3.0951894786  0.000000
  12  3.6951894786  0.000000

  0.14035088  0.14035088  0.00000000  0.004310344828
  1  -7.8191285679  2.000000
  2  -7.3191285679  2.000000
  3  -6.8191285679  2.000000
  4  -6.3191285679  2.000000
  5  -5.8191285679  2.000000
  6  -5.3191285679  2.000000
  7  -4.8191285679  2.000000
  8  -4.3191285679  2.000000
  9  -0.9372422284  2.000000
  10  0.9372422284  0.000000
  11  3.0853552871  0.000000
  12  3.6853552871  0.000000

  0.12280702  0.12280702  0.00000000  0.004310344828
  1  -7.8147011866  2.000000
  2  -7.3147011866  2.000000
  3  -6.8147011866  2.000000
  4  -6.3147011866  2.000000
  5  -5.8147011866  2.000000
  6  -5.3147011866  2.000000
  7  -4.8147011866  2.000000
  8  -4.3147011866  2.000000
  9  -0.9443213296  2.000000
  10  0.9443213296  0.000000
  11  3.0752618744  0.000000
  12  3.6752618744  0.000000

  0.10526316  0.10526316  0.00000000  0.004310344828
  1  -7.8108365517  2.000000
  2  -7.3108365517  2.000000
  3  -6.8108365517  2.000000
  4  -6.3108365517  2.000000
  5  -5.8108365517  2.000000
  6  -5.3108365517  2.000000
  7  -4.8108365517  2.000000
  8  -4.3108365517  2.000000
  9  -0.9520160049  2.000000
  10  0.9520160049  0.000000
  11  3.0649398938  0.000000
  12  3.6649398938  0.000000

  0.08771930  0.08771930  0.00000000  0.004310344828
  1  -7.8075463999  2.000000
  2  -7.3075463999  2.000000
  3  -6.8075463999  2.000000
  4  -6.3075463999  2.000000
  5  -5.8075463999  2.000000
  6  -5.3075463999  2.000000
  7  -4.8075463999  2.000000
  8  -4.3075463999  2.000000
  9  -0.9603262542  2.000000
  10  0.9603262542  0.000000
  11  3.0544206930  0.000000
  12  3.6544206930  0.000000

  0.07017544  0.07017544  0.00000000  0.004310344828
  1  -7.8048407235  2.000000
  2  -7.3048407235  2.000000
  3  -6.8048407235  2.000000
  4  -6.3048407235  2.000000
  5  -5.8048407235  2.000000
  6  -5.3048407235  2.000000
  7  -4.8048407235  2.000000
  8  -4.3048407235  2.000000
  9  -0.9692520776  2.000000
  10  0.9692520776  0.000000
  11  3.0437362182  0.000000
  12  3.6437362182  0.000000

  0.05263158  0.05263158  0.00000000  0.004310344828
  1  -7.8027277393  2.000000
  2  -7.3027277393  2.000000
  3  -6.8027277393  2.000000
  4  -6.3027277393  2.000000
  5  -5.8027277393  2.000000
  6  -5.3027277393  2.000000
  7  -4.8027277393  2.000000
  8  -4.3027277393  2.000000
  9  -0.9787934749  2.000000
  10  0.9787934749  0.000000
  11  3.0329189181  0.000000
  12  3.6329189181  0.000000

  0.03508772  0.03508772  0.00000000  0.004310344828
  1  -7.8012138645  2.000000
  2  -7.3012138645  2.000000
  3  -6.8012138645  2.000000
  4  -6.3012138645  2.000000
  5  -5.8012138645  2.000000
  6  -5.3012138645  2.000000
  7  -4.8012138645  2.000000
  8  -4.3012138645  2.000000
  9  -0.9889504463  2.000000
  10  0.9889504463  0.000000
  11  3.0220016442  0.000000
  12  3.6220016442  0.000000

  0.01754386  0.01754386  0.00000000  0.004310344828
  1  -7.8003036967  2.000000
  2  -7.3003036967  2.000000
  3  -6.8003036967  2.000000
  4  -6.3003036967  2.000000
  5  -5.8003036967  2.000000
  6  -5.3003036967  2.000000
  7  -4.8003036967  2.000000
  8  -4.3003036967  2.000000
  9  -0.9997229917  2.000000
  10  0.9997229917  0.000000
  11  3.0110175521  0.000000
  12  3.6110175521  0.000000

  0.00000000  0.00000000  0.00000000  0.004310344828
  1  -7.8000000000  2.000000
  2  -7.3000000000  2.000000
  3  -6.8000000000  2.000000
  4  -6.3000000000  2.000000
  5  -5.8000000000  2.000000
  6  -5.3000000000  2.000000
  7  -4.8000000000  2.000000
  8  -4.3000000000  2.000000
  9  -1.0111111111  2.000000
  10  1.0111111111  0.000000
  11  3.0000000000  0.000000
  12  3.6000000000  0.000000

  0.00000000  0.00000000  0.00000000  0.004310344828
  1  -7.8000000000  2.000000
  2  -7.3000000000  2.000000
  3  -6.8000000000  2.000000
  4  -6.3000000000  2.000000
  5  -5.8000000000  2.000000
  6  -5.3000000000  2.000000
  7  -4.8000000000  2.000000
  8  -4.3000000000  2.000000
  9  -1.0111111111  2.000000
  10  1.0111111111  0.000000
  11  3.0000000000  0.000000
  12  3.6000000000  0.000000

  0.02631579  0.00000000  0.00000000  0.004310344828
  1  -7.8006831014  2.000000
  2  -7.3006831014  2.000000
  3  -6.8006831014  2.000000
  4  -6.3006831014  2.000000
  5  -5.8006831014  2.000000
  6  -5.3006831014  2.000000
  7  -4.8006831014  2.000000
  8  -4.3006831014  2.000000
  9  -1.0026854417  2.000000
  10  1.0026854417  0.000000
  11  3.0165158691  0.000000
  12  3.6165158691  0.000000

  0.05263158  0.00000000  0.00000000  0.004310344828
  1  -7.8027277393  2.000000
  2  -7.3027277393  2.000000
  3  -6.8027277393  2.000000
  4  -6.3027277393  2.000000
  5  -5.8027277393  2.000000
  6  -5.3027277393  2.000000
  7  -4.8027277393  2.000000
  8  -4.3027277393  2.000000
  9  -0.9949522930  2.000000
  10  0.9949522930  0.000000
  11  3.0329189181  0.000000
  12  3.6329189181  0.000000

  0.07894737  0.00000000  0.00000000  0.004310344828
  1  -7.8061199468  2.000000
  2  -7.3061199468  2.000000
  3  -6.8061199468  2.000000
  4  -6.3061199468  2.000000
  5  -5.8061199468  2.000000
  6  -5.3061199468  2.000000
  7  -4.8061199468  2.000000
  8  -4.3061199468  2.000000
  9  -0.9879116651  2.000000
  10  0.9879116651  0.000000
  11  3.0490970974  0.000000
  12  3.6490970974  0.000000

  0.10526316  0.00000000  0.00000000  0.004310344828
  1  -7.8108365517  2.000000
  2  -7.3108365517  2.000000
  3  -6.8108365517  2.000000
  4  -6.3108365517  2.000000
  5  -5.8108365517  2.000000
  6  -5.3108365517  2.000000
  7  -4.8108365517  2.000000
  8  -4.3108365517  2.000000
  9  -0.9815635580  2.000000
  10  0.9815635580  0.000000
  11  3.0649398938  0.000000
  12  3.6649398938  0.000000

  0.13157895  0.00000000  0.00000000  0.004310344828
  1  -7.8168453347  2.000000
  2  -7.3168453347  2.000000
  3  -6.8168453347  2.000000
  4  -6.3168453347  2.000000
  5  -5.8168453347  2.000000
  6  -5.3168453347  2.000000
  7  -4.8168453347  2.000000
  8  -4.3168453347  2.000000
  9  -0.9759079717  2.000000
  10  0.9759079717  0.000000
  11  3.0803390849  0.000000
  12  3.6803390849  0.000000

  0.15789474  0.00000000  0.00000000  0.004310344828
  1  -7.8241052498  2.000000
  2  -7.3241052498  2.000000
  3  -6.8241052498  2.000000
  4  -6.3241052498  2.000000
  5  -5.8241052498  2.000000
  6  -5.3241052498  2.000000
  7  -4.8241052498  2.000000
  8  -4.3241052498  2.000000
  9  -0.9709449061  2.000000
  10  0.9709449061  0.000000
  11  3.0951894786  0.000000
  12  3.6951894786  0.000000

  0.18421053  0.00000000  0.00000000  0.004310344828
  1  -7.8325667043  2.000000
  2  -7.3325667043  2.000000
  3  -6.8325667043  2.000000
  4  -6.3325667043  2.000000
  5  -5.8325667043  2.000000
  6  -5.3325667043  2.000000
  7  -4.8325667043  2.000000
  8  -4.3325667043  2.000000
  9  -0.9666743613  2.000000
  10  0.9666743613  0.000000
  11  3.1093896316  0.000000
  12  3.7093896316  0.000000

  0.21052632  0.00000000  0.00000000  0.004310344828
  1  -7.8421718981  2.000000
  2  -7.3421718981  2.000000
  3  -6.8421718981  2.000000
  4  -6.3421718981  2.000000
  5  -5.8421718981  2.000000
  6  -5.3421718981  2.000000
  7  -4.8421718981  2.000000
  8  -4.3421718981  2.000000
  9  -0.9630963373  2.000000
  10  0.9630963373  0.000000
  11  3.1228425425  0.000000
  12  3.7228425425  0.000000

  0.23684211  0.00000000  0.00000000  0.004310344828
  1  -7.8528552179  2.000000
  2  -7.3528552179  2.000000
  3  -6.8528552179  2.000000
  4  -6.3528552179  2.000000
  5  -5.8528552179  2.000000
  6  -5.3528552179  2.000000
  7  -4.8528552179  2.000000
  8  -4.3528552179  2.000000
  9  -0.9602108341  2.000000
  10  0.9602108341  0.000000
  11  3.1354563143  0.000000
  12  3.7354563143  0.000000

  0.26315789  0.00000000  0.00000000  0.004310344828
  1  -7.8645436857  2.000000
  2  -7.3645436857  2.000000
  3  -6.8645436857  2.000000
  4  -6.3645436857  2.000000
  5  -5.8645436857  2.000000
  6  -5.3645436857  2.000000
  7  -4.8645436857  2.000000
  8  -4.3645436857  2.000000
  9  -0.9580178516  2.000000
  10  0.9580178516  0.000000
  11  3.1471447821  0.000000
  12  3.7471447821  0.000000

  0.28947368  0.00000000  0.00000000  0.004310344828
  1  -7.8771574575  2.000000
  2  -7.3771574575  2.000000
  3  -6.8771574575  2.000000
  4  -6.3771574575  2.000000
  5  -5.8771574575  2.000000
  6  -5.3771574575  2.000000
  7  -4.8771574575  2.000000
  8  -4.3771574575  2.000000
  9  -0.9565173900  2.000000
  10  0.9565173900  0.000000
  11  3.1578281019  0.000000
  12  3.7578281019  0.000000

  0.31578947  0.00000000  0.00000000  0.004310344828
  1  -7.8906103684  2.000000
  2  -7.3906103684  2.000000
  3  -6.8906103684  2.000000
  4  -6.3906103684  2.000000
  5  -5.8906103684  2.000000
  6  -5.3906103684  2.000000
  7  -4.8906103684  2.000000
  8  -4.3906103684  2.000000
  9  -0.9557094491  2.000000
  10  0.9557094491  0.000000
  11  3.1674332957  0.000000
  12  3.7674332957  0.000000

  0.34210526  0.00000000  0.00000000  0.004310344828
  1  -7.9048105214  2.000000
  2  -7.4048105214  2.000000
  3  -6.9048105214  2.000000
  4  -6.4048105214  2.000000
  5  -5.9048105214  2.000000
  6  -5.4048105214  2.000000
  7  -4.9048105214  2.000000
  8  -4.4048105214  2.000000
  9  -0.9555940289  2.000000
  10  0.9555940289  0.000000
  11  3.1758947502  0.000000
  12  3.7758947502  0.000000

  0.36842105  0.00000000  0.00000000  0.004310344828
  1  -7.9196609151  2.000000
  2  -7.4196609151  2.000000
  3  -6.9196609151  2.000000
  4  -6.4196609151  2.000000
  5  -5.9196609151  2.000000
  6  -5.4196609151  2.000000
  7  -4.9196609151  2.000000
  8  -4.4196609151  2.000000
  9  -0.9561711296  2.000000
  10  0.9561711296  0.000000
  11  3.1831546653  0.000000
  12  3.7831546653  0.000000

  0.39473684  0.00000000  0.00000000  0.004310344828
  1  -7.9350601062  2.000000
  2  -7.4350601062  2.000000
  3  -6.9350601062  2.000000
  4  -6.4350601062  2.000000
  5  -5.9350601062  2.000000
  6  -5.4350601062  2.000000
  7  -4.9350601062  2.000000
  8  -4.4350601062  2.000000
  9  -0.9574407510  2.000000
  10  0.9574407510  0.000000
  11  3.1891634483  0.000000
  12  3.7891634483  0.000000

  0.42105263  0.00000000  0.00000000  0.004310344828
  1  -7.9509029026  2.000000
  2  -7.4509029026  2.000000
  3  -6.9509029026  2.000000
  4  -6.4509029026  2.000000
  5  -5.9509029026  2.000000
  6  -5.4509029026  2.000000
  7  -4.9509029026  2.000000
  8  -4.4509029026  2.000000
  9  -0.9594028932  2.000000
  10  0.9594028932  0.000000
  11  3.1938800532  0.000000
  12  3.7938800532  0.000000

  0.44736842  0.00000000  0.00000000  0.004310344828
  1  -7.9670810819  2.000000
  2  -7.4670810819  2.000000
  3  -6.9670810819  2.000000
  4  -6.4670810819  2.000000
  5  -5.9670810819  2.000000
  6  -5.4670810819  2.000000
  7  -4.9670810819  2.000000
  8  -4.4670810819  2.000000
  9  -0.9620575562  2.000000
  10  0.9620575562  0.000000
  11  3.1972722607  0.000000
  12  3.7972722607  0.000000

  0.47368421  0.00000000  0.00000000  0.004310344828
  1  -7.9834841309  2.000000
  2  -7.4834841309  2.000000
  3  -6.9834841309  2.000000
  4  -6.4834841309  2.000000
  5  -5.9834841309  2.000000
  6  -5.4834841309  2.000000
  7  -4.9834841309  2.000000
  8  -4.4834841309  2.000000
  9  -0.9654047399  2.000000
  10  0.9654047399  0.000000
  11  3.1993168986  0.000000
  12  3.7993168986  0.000000

  0.50000000  0.00000000  0.00000000  0.004310344828
  1  -8.0000000000  2.000000
  2  -7.5000000000  2.000000
  3  -7.0000000000  2.000000
  4  -6.5000000000  2.000000
  5  -6.0000000000  2.000000
  6  -5.5000000000  2.000000
  7  -5.0000000000  2.000000
  8  -4.5000000000  2.000000
  9  -0.9694444444  2.000000
  10  0.9694444444  0.000000
  11  3.2000000000  0.000000
  12  3.8000000000  0.000000

  0.49122807  0.01754386  0.00000000  0.004310344828
  1  -7.9944891315  2.000000
  2  -7.4944891315  2.000000
  3  -6.9944891315  2.000000
  4  -6.4944891315  2.000000
  5  -5.9944891315  2.000000
  6  -5.4944891315  2.000000
  7  -4.9944891315  2.000000
  8  -4.4944891315  2.000000
  9  -0.9623268698  2.000000
  10  0.9623268698  0.000000
  11  3.1999240614  0.000000
  12  3.7999240614  0.000000

  0.48245614  0.03508772  0.00000000  0.004310344828
  1  -7.9889824479  2.000000
  2  -7.4889824479  2.000000
  3  -6.9889824479  2.000000
  4  -6.4889824479  2.000000
  5  -5.9889824479  2.000000
  6  -5.4889824479  2.000000
  7  -4.9889824479  2.000000
  8  -4.4889824479  2.000000
  9  -0.9555940289  2.000000
  10  0.9555940289  0.000000
  11  3.1996963033  0.000000
  12  3.7996963033  0.000000

  0.47368421  0.05263158  0.00000000  0.004310344828
  1  -7.9834841309  2.000000
  2  -7.4834841309  2.000000
  3  -6.9834841309  2.000000
  4  -6.4834841309  2.000000
  5  -5.9834841309  2.000000
  6  -5.4834841309  2.000000
  7  -4.9834841309  2.000000
  8  -4.4834841309  2.000000
  9  -0.9492459218  2.000000
  10  0.9492459218  0.000000
  11  3.1993168986  0.000000
  12  3.7993168986  0.000000

  0.46491228  0.07017544  0.00000000  0.004310344828
  1  -7.9779983558  2.000000
  2  -7.4779983558  2.000000
  3  -6.9779983558  2.000000
  4  -6.4779983558  2.000000
  5  -5.9779983558  2.000000
  6  -5.4779983558  2.000000
  7  -4.9779983558  2.000000
  8  -4.4779983558  2.000000
  9  -0.9432825485  2.000000
  10  0.9432825485  0.000000
  11  3.1987861355  0.000000
  12  3.7987861355  0.000000

  0.45614035  0.08771930  0.00000000  0.004310344828
  1  -7.9725292884  2.000000
  2  -7.4725292884  2.000000
  3  -6.9725292884  2.000000
  4  -6.4725292884  2.000000
  5  -5.9725292884  2.000000
  6  -5.4725292884  2.000000
  7  -4.9725292884  2.000000
  8  -4.4725292884  2.000000
  9  -0.9377039089  2.000000
  10  0.9377039089  0.000000
  11  3.1981044169  0.000000
  12  3.7981044169  0.000000

  0.44736842  0.10526316  0.00000000  0.004310344828
  1  -7.9670810819  2.000000
  2  -7.4670810819  2.000000
  3  -6.9670810819  2.000000
  4  -6.4670810819  2.000000
  5  -5.9670810819  2.000000
  6  -5.4670810819  2.000000
  7  -4.9670810819  2.000000
  8  -4.4670810819  2.000000
  9  -0.9325100031  2.000000
  10  0.9325100031  0.000000
  11  3.1972722607  0.000000
  12  3.7972722607  0.000000

  0.43859649  0.12280702  0.00000000  0.004310344828
  1  -7.9616578736  2.000000
  2  -7.4616578736  2.000000
  3  -6.9616578736  2.000000
  4  -6.4616578736  2.000000
  5  -5.9616578736  2.000000
  6  -5.4616578736  2.000000
  7  -4.9616578736  2.000000
  8  -4.4616578736  2.000000
  9  -0.9277008310  2.000000
  10  0.9277008310  0.000000
  11  3.1962902987  0.000000
  12  3.7962902987  0.000000

  0.42982456  0.14035088  0.00000000  0.004310344828
  1  -7.9562637818  2.000000
  2  -7.4562637818  2.000000
  3  -6.9562637818  2.000000
  4  -6.4562637818  2.000000
  5  -5.9562637818  2.000000
  6  -5.4562637818  2.000000
  7  -4.9562637818  2.000000
  8  -4.4562637818  2.000000
  9  -0.9232763927  2.000000
  10  0.9232763927  0.000000
  11  3.1951592765  0.000000
  12  3.7951592765  0.000000

  0.42105263  0.15789474  0.00000000  0.004310344828
  1  -7.9509029026  2.000000
  2  -7.4509029026  2.000000
  3  -6.9509029026  2.000000
  4  -6.4509029026  2.000000
  5  -5.9509029026  2.000000
  6  -5.4509029026  2.000000
  7  -4.9509029026  2.000000
  8  -4.4509029026  2.000000
  9  -0.9192366882  2.000000
  10  0.9192366882  0.000000
  11  3.1938800532  0.000000
  12  3.7938800532  0.000000

  0.41228070  0.17543860  0.00000000  0.004310344828
  1  -7.9455793070  2.000000
  2  -7.4455793070  2.000000
  3  -6.9455793070  2.000000
  4  -6.4455793070  2.000000
  5  -5.9455793070  2.000000
  6  -5.4455793070  2.000000
  7  -4.9455793070  2.000000
  8  -4.4455793070  2.000000
  9  -0.9155817175  2.000000
  10  0.9155817175  0.000000
  11  3.1924536001  0.000000
  12  3.7924536001  0.000000

  0.40350877  0.19298246  0.00000000  0.004310344828
  1  -7.9402970378  2.000000
  2  -7.4402970378  2.000000
  3  -6.9402970378  2.000000
  4  -6.4402970378  2.000000
  5  -5.9402970378  2.000000
  6  -5.4402970378  2.000000
  7  -4.9402970378  2.000000
  8  -4.4402970378  2.000000
  9  -0.9123114805  2.000000
  10  0.9123114805  0.000000
  11  3.1908810004  0.000000
  12  3.7908810004  0.000000

  0.39473684  0.21052632  0.00000000  0.004310344828
  1  -7.9350601062  2.000000
  2  -7.4350601062  2.000000
  3  -6.9350601062  2.000000
  4  -6.4350601062  2.000000
  5  -5.9350601062  2.000000
  6  -5.4350601062  2.000000
  7  -4.9350601062  2.000000
  8  -4.4350601062  2.000000
  9  -0.9094259772  2.000000
  10  0.9094259772  0.000000
  11  3.1891634483  0.000000
  12  3.7891634483  0.000000

  0.38596491  0.22807018  0.00000000  0.004310344828
  1  -7.9298724890  2.000000
  2  -7.4298724890  2.000000
  3  -6.9298724890  2.000000
  4  -6.4298724890  2.000000
  5  -5.9298724890  2.000000
  6  -5.4298724890  2.000000
  7  -4.9298724890  2.000000
  8  -4.4298724890  2.000000
  9  -0.9069252078  2.000000
  10  0.9069252078  0.000000
  11  3.1873022482  0.000000
  12  3.7873022482  0.000000

  0.37719298  0.24561404  0.00000000  0.004310344828
  1  -7.9247381256  2.000000
  2  -7.4247381256  2.000000
  3  -6.9247381256  2.000000
  4  -6.4247381256  2.000000
  5  -5.9247381256  2.000000
  6  -5.4247381256  2.000000
  7  -4.9247381256  2.000000
  8  -4.4247381256  2.000000
  9  -0.9048091721  2.000000
  10  0.9048091721  0.000000
  11  3.1852988134  0.000000
  12  3.7852988134  0.000000

  0.36842105  0.26315789  0.00000000  0.004310344828
  1  -7.9196609151  2.000000
  2  -7.4196609151  2.000000
  3  -6.9196609151  2.000000
  4  -6.4196609151  2.000000
  5  -5.9196609151  2.000000
  6  -5.4196609151  2.000000
  7  -4.9196609151  2.000000
  8  -4.4196609151  2.000000
  9  -0.9030778701  2.000000
  10  0.9030778701  0.000000
  11  3.1831546653  0.000000
  12  3.7831546653  0.000000

  0.35964912  0.28070175  0.00000000  0.004310344828
  1  -7.9146447129  2.000000
  2  -7.4146447129  2.000000
  3  -6.9146447129  2.000000
  4  -6.4146447129  2.000000
  5  -5.9146447129  2.000000
  6  -5.4146447129  2.000000
  7  -4.9146447129  2.000000
  8  -4.4146447129  2.000000
  9  -0.9017313019  2.000000
  10  0.9017313019  0.000000
  11  3.1808714321  0.000000
  12  3.7808714321  0.000000

  0.35087719  0.29824561  0.00000000  0.004310344828
  1  -7.9096933283  2.000000
  2  -7.4096933283  2.000000
  3  -6.9096933283  2.000000
  4  -6.4096933283  2.000000
  5  -5.9096933283  2.000000
  6  -5.4096933283  2.000000
  7  -4.9096933283  2.000000
  8  -4.4096933283  2.000000
  9  -0.9007694675  2.000000
  10  0.9007694675  0.000000
  11  3.1784508477  0.000000
  12  3.7784508477  0.000000

  0.34210526  0.31578947  0.00000000  0.004310344828
  1  -7.9048105214  2.000000
  2  -7.4048105214  2.000000
  3  -6.9048105214  2.000000
  4  -6.4048105214  2.000000
  5  -5.9048105214  2.000000
  6  -5.4048105214  2.000000
  7  -4.9048105214  2.000000
  8  -4.4048105214  2.000000
  9  -0.9001923669  2.000000
  10  0.9001923669  0.000000
  11  3.1758947502  0.000000
  12  3.7758947502  0.000000

  0.33333333  0.33333333  0.00000000  0.004310344828
  1  -7.9000000000  2.000000
  2  -7.4000000000  2.000000
  3  -6.9000000000  2.000000
  4  -6.4000000000  2.000000
  5  -5.9000000000  2.000000
  6  -5.4000000000  2.000000
  7  -4.9000000000  2.000000
  8  -4.4000000000  2.000000
  9  -0.9000000000  2.000000
  10  0.9000000000  0.000000
  11  3.1732050808  0.000000
  12  3.7732050808  0.000000

  0.31578947  0.31578947  0.00000000  0.004310344828
  1  -7.8906103684  2.000000
  2  -7.3906103684  2.000000
  3  -6.8906103684  2.000000
  4  -6.3906103684  2.000000
  5  -5.8906103684  2.000000
  6  -5.3906103684  2.000000
  7  -4.8906103684  2.000000
  8  -4.3906103684  2.000000
  9  -0.9003077870  2.000000
  10  0.9003077870  0.000000
  11  3.1674332957  0.000000
  12  3.7674332957  0.000000

  0.29824561  0.29824561  0.00000000  0.004310344828
  1  -7.8815529495  2.000000
  2  -7.3815529495  2.000000
  3  -6.8815529495  2.000000
  4  -6.3815529495  2.000000
  5  -5.8815529495  2.000000
  6  -5.3815529495  2.000000
  7  -4.8815529495  2.000000
  8  -4.3815529495  2.000000
  9  -0.9012311480  2.000000
  10  0.9012311480  0.000000
  11  3.1611530211  0.000000
  12  3.7611530211  0.000000

  0.28070175  0.28070175  0.00000000  0.004310344828
  1  -7.8728552504  2.000000
  2  -7.3728552504  2.000000
  3  -6.8728552504  2.000000
  4  -6.3728552504  2.000000
  5  -5.8728552504  2.000000
  6  -5.3728552504  2.000000
  7  -4.8728552504  2.000000
  8  -4.3728552504  2.000000
  9  -0.9027700831  2.000000
  10  0.9027700831  0.000000
  11  3.1543833302  0.000000
  12  3.7543833302  0.000000

  0.26315789  0.26315789  0.00000000  0.004310344828
  1  -7.8645436857  2.000000
  2  -7.3645436857  2.000000
  3  -6.8645436857  2.000000
  4  -6.3645436857  2.000000
  5  -5.8645436857  2.000000
  6  -5.3645436857  2.000000
  7  -4.8645436857  2.000000
  8  -4.3645436857  2.000000
  9  -0.9049245922  2.000000
  10  0.9049245922  0.000000
  11  3.1471447821  0.000000
  12  3.7471447821  0.000000

  0.24561404  0.24561404  0.00000000  0.004310344828
  1  -7.8566434974  2.000000
  2  -7.3566434974  2.000000
  3  -6.8566434974  2.000000
  4  -6.3566434974  2.000000
  5  -5.8566434974  2.000000
  6  -5.3566434974  2.000000
  7  -4.8566434974  2.000000
  8  -4.3566434974  2.000000
  9  -0.9076946753  2.000000
  10  0.9076946753  0.000000
  11  3.1394593602  0.000000
  12  3.7394593602  0.000000

  0.22807018  0.22807018  0.00000000  0.004310344828
  1  -7.8491786780  2.000000
  2  -7.3491786780  2.000000
  3  -6.8491786780  2.000000
  4  -6.3491786780  2.000000
  5  -5.8491786780  2.000000
  6  -5.3491786780  2.000000
  7  -4.8491786780  2.000000
  8  -4.3491786780  2.000000
  9  -0.9110803324  2.000000
  10  0.9110803324  0.000000
  11  3.1313504048  0.000000
  12  3.7313504048  0.000000

  0.21052632  0.21052632  0.00000000  0.004310344828
  1  -7.8421718981  2.000000
  2  -7.3421718981  2.000000
  3  -6.8421718981  2.000000
  4  -6.3421718981  2.000000
  5  -5.8421718981  2.000000
  6  -5.3421718981  2.000000
  7  -4.8421718981  2.000000
  8  -4.3421718981  2.000000
  9  -0.9150815636  2.000000
  10  0.9150815636  0.000000
  11  3.1228425425  0.000000
  12  3.7228425425  0.000000

  0.19298246  0.19298246  0.00000000  0.004310344828
  1  -7.8356444370  2.000000
  2  -7.3356444370  2.000000
  3  -6.8356444370  2.000000
  4  -6.3356444370  2.000000
  5  -5.8356444370  2.000000
  6  -5.3356444370  2.000000
  7  -4.8356444370  2.000000
  8  -4.3356444370  2.000000
  9  -0.9196983687  2.000000
  10  0.9196983687  0.000000
  11  3.1139616115  0.000000
  12  3.7139616115  0.000000

  0.17543860  0.17543860  0.00000000  0.004310344828
  1  -7.8296161182  2.000000
  2  -7.3296161182  2.000000
  3  -6.8296161182  2.000000
  4  -6.3296161182  2.000000
  5  -5.8296161182  2.000000
  6  -5.3296161182  2.000000
  7  -4.8296161182  2.000000
  8  -4.3296161182  2.000000
  9  -0.9249307479  2.000000
  10  0.9249307479  0.000000
  11  3.1047345828  0.000000
  12  3.7047345828  0.000000

  0.15789474  0.15789474  0.00000000  0.004310344828
  1  -7.8241052498  2.000000
  2  -7.3241052498  2.000000
  3  -6.8241052498  2.000000
  4  -6.3241052498  2.000000
  5  -5.8241052498  2.000000
  6  -5.3241052498  2.000000
  7  -4.8241052498  2.000000
  8  -4.3241052498  2.000000
  9  -0.9307787011  2.000000
  10  0.9307787011  0.000000
  11  3.0951894786  0.000000
  12  3.6951894786  0.000000

  0.14035088  0.14035088  0.00000000  0.004310344828
  1  -7.8191285679  2.000000
  2  -7.3191285679  2.000000
  3  -6.8191285679  2.000000
  4  -6.3191285679  2.000000
  5  -5.8191285679  2.000000
  6  -5.3191285679  2.000000
  7  -4.8191285679  2.000000
  8  -4.3191285679  2.000000
  9  -0.9372422284  2.000000
  10  0.9372422284  0.000000
  11  3.0853552871  0.000000
  12  3.6853552871  0.000000

  0.12280702  0.12280702  0.00000000  0.004310344828
  1  -7.8147011866  2.000000
  2  -7.3147011866  2.000000
  3  -6.8147011866  2.000000
  4  -6.3147011866  2.000000
  5  -5.8147011866  2.000000
  6  -5.3147011866  2.000000
  7  -4.8147011866  2.000000
  8  -4.3147011866  2.000000
  9  -0.9443213296  2.000000
  10  0.9443213296  0.000000
  11  3.0752618744  0.000000
  12  3.6752618744  0.000000

  0.10526316  0.10526316  0.00000000  0.004310344828
  1  -7.8108365517  2.000000
  2  -7.3108365517  2.000000
  3  -6.8108365517  2.000000
  4  -6.3108365517  2.000000
  5  -5.8108365517  2.000000
  6  -5.3108365517  2.000000
  7  -4.8108365517  2.000000
  8  -4.3108365517  2.000000
  9  -0.9520160049  2.000000
  10  0.9520160049  0.000000
  11  3.0649398938  0.000000
  12  3.6649398938  0.000000

  0.08771930  0.08771930  0.00000000  0.004310344828
  1  -7.8075463999  2.000000
  2  -7.3075463999  2.000000
  3  -6.8075463999  2.000000
  4  -6.3075463999  2.000000
  5  -5.8075463999  2.000000
  6  -5.3075463999  2.000000
  7  -4.8075463999  2.000000
  8  -4.3075463999  2.000000
  9  -0.9603262542  2.000000
  10  0.9603262542  0.000000
  11  3.0544206930  0.000000
  12  3.6544206930  0.000000

  0.07017544  0.07017544  0.00000000  0.004310344828
  1  -7.8048407235  2.000000
  2  -7.3048407235  2.000000
  3  -6.8048407235  2.000000
  4  -6.3048407235  2.000000
  5  -5.8048407235  2.000000
  6  -5.3048407235  2.000000
  7  -4.8048407235  2.000000
  8  -4.3048407235  2.000000
  9  -0.9692520776  2.000000
  10  0.9692520776  0.000000
  11  3.0437362182  0.000000
  12  3.6437362182  0.000000

  0.05263158  0.05263158  0.00000000  0.004310344828
  1  -7.8027277393  2.000000
  2  -7.3027277393  2.000000
  3  -6.8027277393  2.000000
  4  -6.3027277393  2.000000
  5  -5.8027277393  2.000000
  6  -5.3027277393  2.000000
  7  -4.8027277393  2.000000
  8  -4.3027277393  2.000000
  9  -0.9787934749  2.000000
  10  0.9787934749  0.000000
  11  3.0329189181  0.000000
  12  3.6329189181  0.000000

  0.03508772  0.03508772  0.00000000  0.004310344828
  1  -7.8012138645  2.000000
  2  -7.3012138645  2.000000
  3  -6.8012138645  2.000000
  4  -6.3012138645  2.000000
  5  -5.8012138645  2.000000
  6  -5.3012138645  2.000000
  7  -4.8012138645  2.000000
  8  -4.3012138645  2.000000
  9  -0.9889504463  2.000000
  10  0.9889504463  0.000000
  11  3.0220016442  0.000000
  12  3.6220016442  0.000000

  0.01754386  0.01754386  0.00000000  0.004310344828
  1  -7.8003036967  2.000000
  2  -7.3003036967  2.000000
  3  -6.8003036967  2.000000
  4  -6.3003036967  2.000000
  5  -5.8003036967  2.000000
  6  -5.3003036967  2.000000
  7  -4.8003036967  2.000000
  8  -4.3003036967  2.000000
  9  -0.9997229917  2.000000
  10  0.9997229917  0.000000
  11  3.0110175521  0.000000
  12  3.6110175521  0.000000

  0.00000000  0.00000000  0.00000000  0.004310344828
  1  -7.8000000000  2.000000
  2  -7.3000000000  2.000000
  3  -6.8000000000  2.000000
  4  -6.3000000000  2.000000
  5  -5.8000000000  2.000000
  6  -5.3000000000  2.000000
  7  -4.8000000000  2.000000
  8  -4.3000000000  2.000000
  9  -1.0111111111  2.000000
  10  1.0111111111  0.000000
  11  3.0000000000  0.000000
  12  3.6000000000  0.000000
